30

0 10 8 0 0 0 4 0 0 21 3 0 0 8 7 38 0 36 29 33 0 0 22 40 6 11 37 0 23 0
10 0 27 0 41 45 0 13 3 0 39 0 16 0 23 45 1 0 0 48 0 48 0 35 36 3 0 0 24 32
8 27 0 29 16 0 25 41 39 49 30 0 0 29 0 19 34 0 25 30 0 12 0 17 7 9 49 31 8 0
0 0 29 0 40 34 28 0 0 0 0 0 0 36 43 22 30 44 0 0 44 48 10 40 2 0 32 0 43 38
0 41 16 40 0 0 28 43 33 3 26 22 38 44 12 0 0 44 37 0 36 20 0 0 44 18 41 0 39 4
0 45 0 34 0 0 25 0 22 0 0 29 0 0 0 14 0 6 49 26 1 45 24 0 46 12 0 42 3 25
4 0 25 28 28 25 0 0 38 20 0 8 0 32 16 0 32 38 12 0 1 30 2 13 23 1 0 25 0 0
0 13 41 0 43 0 0 0 0 39 0 37 0 0 0 0 0 0 0 19 11 31 46 9 25 5 0 0 36 46
0 3 39 0 33 22 38 0 0 35 27 47 16 37 0 43 38 10 26 38 41 16 27 30 11 33 42 15 0 44
21 0 49 0 3 0 20 39 35 0 7 30 30 22 0 40 14 10 21 45 26 13 0 0 0 19 14 11 12 36
3 39 30 0 26 0 0 0 27 7 0 0 0 28 43 9 0 16 28 32 0 17 18 0 0 12 0 17 49 8
0 0 0 0 22 29 8 37 47 30 0 0 14 3 25 35 0 0 34 0 0 31 0 25 0 9 22 4 40 41
0 16 0 0 38 0 0 0 16 30 0 14 0 48 0 37 0 0 0 23 26 40 0 0 35 8 0 0 43 14
8 0 29 36 44 0 32 0 37 22 28 3 48 0 24 0 0 29 0 32 0 31 29 12 12 0 0 15 49 0
7 23 0 43 12 0 16 0 0 0 43 25 0 24 0 18 21 0 11 32 0 0 16 28 38 9 22 36 32 0
38 45 19 22 0 14 0 0 43 40 9 35 37 0 18 0 43 33 34 10 0 48 0 0 0 34 0 2 0 0
0 1 34 30 0 0 32 0 38 14 0 0 0 0 21 43 0 0 0 0 39 21 0 20 0 0 31 27 5 0
36 0 0 44 44 6 38 0 10 10 16 0 0 29 0 33 0 0 0 42 0 3 46 0 34 0 17 0 0 43
29 0 25 0 37 49 12 0 26 21 28 34 0 0 11 34 0 0 0 0 0 16 45 13 0 22 33 38 0 29
33 48 30 0 0 26 0 19 38 45 32 0 23 32 32 10 0 42 0 0 5 41 0 0 14 0 0 23 0 21
0 0 0 44 36 1 1 11 41 26 0 0 26 0 0 0 39 0 0 5 0 1 42 0 8 0 4 34 43 0
0 48 12 48 20 45 30 31 16 13 17 31 40 31 0 48 21 3 16 41 1 0 0 19 43 12 0 18 0 18
22 0 0 10 0 24 2 46 27 0 18 0 0 29 16 0 0 46 45 0 42 0 0 0 4 36 0 28 1 25
40 35 17 40 0 0 13 9 30 0 0 25 0 12 28 0 20 0 13 0 0 19 0 0 1 34 0 15 29 0
6 36 7 2 44 46 23 25 11 0 0 0 35 12 38 0 0 34 0 14 8 43 4 1 0 0 8 0 0 0
11 3 9 0 18 12 1 5 33 19 12 9 8 0 9 34 0 0 22 0 0 12 36 34 0 0 25 0 27 45
37 0 49 32 41 0 0 0 42 14 0 22 0 0 22 0 31 17 33 0 4 0 0 0 8 25 0 31 1 0
0 0 31 0 0 42 25 0 15 11 17 4 0 15 36 2 27 0 38 23 34 18 28 15 0 0 31 0 32 0
23 24 8 43 39 3 0 36 0 12 49 40 43 49 32 0 5 0 0 0 43 0 1 29 0 27 1 32 0 0
0 32 0 38 4 25 0 46 44 36 8 41 14 0 0 0 0 43 29 21 0 18 25 0 0 45 0 0 0 0

0 48 0 0 40 30 0 0 44 0 0 18 41 19 5 22 46 0 0 0 0 33 31 0 0 0 18 0 0 11
48 0 6 6 0 0 0 5 0 0 22 49 9 25 0 0 0 0 4 10 42 37 28 44 3 0 5 0 7 0
0 6 0 3 0 0 0 0 0 32 5 39 8 0 38 42 0 15 4 3 39 42 8 29 0 0 0 19 43 33
0 6 3 0 0 11 0 41 12 32 44 0 35 0 26 22 0 15 2 4 17 0 24 5 15 0 0 0 1 20
40 0 0 0 0 0 0 0 0 36 0 8 0 0 0 8 20 0 28 0 35 40 0 0 48 0 33 30 12 0
30 0 0 11 0 0 33 19 16 3 0 0 0 0 0 42 20 0 14 9 17 41 4 12 0 1 25 35 47 21
0 0 0 0 0 33 0 32 0 0 23 0 29 0 29 0 0 8 2 43 0 21 0 11 45 0 30 47 37 13
0 5 0 41 0 19 32 0 41 0 0 28 33 41 16 23 35 0 0 29 0 0 0 0 3 0 9 0 45 0
44 0 0 12 0 16 0 41 0 0 17 49 0 0 1 49 5 0 47 0 0 19 29 17 48 0 45 4 0 8
0 0 32 32 36 3 0 0 0 0 0 4 30 11 21 0 16 2 16 43 22 43 0 30 31 9 0 3 0 0
0 22 5 44 0 0 23 0 17 0 0 32 47 0 18 41 25 46 0 12 29 30 7 0 0 0 17 1 0 0
18 49 39 0 8 0 0 28 49 4 32 0 0 40 0 47 13 48 15 13 0 7 23 0 40 28 18 46 9 40
41 9 8 35 0 0 29 33 0 30 47 0 0 0 18 14 18 0 2 35 0 0 14 22 0 34 9 44 0 0
19 25 0 0 0 0 0 41 0 11 0 40 0 0 6 28 0 44 0 0 0 9 17 0 33 0 8 0 0 0
5 0 38 26 0 0 29 16 1 21 18 0 18 6 0 41 12 0 0 6 27 21 16 0 0 0 6 0 17 27
22 0 42 22 8 42 0 23 49 0 41 47 14 28 41 0 46 0 6 0 0 40 0 40 34 0 26 0 47 0
46 0 0 0 20 20 0 35 5 16 25 13 18 0 12 46 0 35 0 46 44 16 8 25 3 0 15 21 7 18
0 0 15 15 0 0 8 0 0 2 46 48 0 44 0 0 35 0 0 28 6 22 0 32 0 0 0 41 39 0
0 4 4 2 28 14 2 0 47 16 0 15 2 0 0 6 0 0 0 41 40 34 0 29 0 0 0 13 7 20
0 10 3 4 0 9 43 29 0 43 12 13 35 0 6 0 46 28 41 0 0 3 0 18 35 28 0 49 5 0
0 42 39 17 35 17 0 0 0 22 29 0 0 0 27 0 44 6 40 0 0 0 19 35 28 7 42 45 44 40
33 37 42 0 40 41 21 0 19 43 30 7 0 9 21 40 16 22 34 3 0 0 0 0 4 0 0 18 40 7
31 28 8 24 0 4 0 0 29 0 7 23 14 17 16 0 8 0 0 0 19 0 0 12 0 30 0 0 43 35
0 44 29 5 0 12 11 0 17 30 0 0 22 0 0 40 25 32 29 18 35 0 12 0 22 0 22 0 0 0
0 3 0 15 48 0 45 3 48 31 0 40 0 33 0 34 3 0 0 35 28 4 0 22 0 27 27 37 0 19
0 0 0 0 0 1 0 0 0 9 0 28 34 0 0 0 0 0 0 28 7 0 30 0 27 0 47 20 6 10
18 5 0 0 33 25 30 9 45 0 17 18 9 8 6 26 15 0 0 0 42 0 0 22 27 47 0 5 28 40
0 0 19 0 30 35 47 0 4 3 1 46 44 0 0 0 21 41 13 49 45 18 0 0 37 20 5 0 0 0
0 7 43 1 12 47 37 45 0 0 0 9 0 0 17 47 7 39 7 5 44 40 43 0 0 6 28 0 0 0
11 0 33 20 0 21 13 0 8 0 0 40 0 0 27 0 18 0 20 0 40 7 35 0 19 10 40 0 0 0

