30

0 0 0 14 16 0 9 8 23 0 45 7 0 0 19 32 33 13 0 5 46 43 0 29 20 40 15 37 0 0
0 0 0 2 37 0 0 0 0 0 32 7 0 0 28 0 0 36 0 0 17 0 46 0 39 12 3 1 41 9
0 0 0 0 17 16 0 0 36 20 49 0 0 19 8 11 0 0 29 7 0 36 44 34 0 0 3 0 12 29
14 2 0 0 0 3 0 0 0 34 0 0 28 0 16 34 0 13 0 20 31 29 11 33 0 0 7 25 30 44
16 37 17 0 0 0 0 6 22 0 10 0 0 46 0 0 35 39 27 0 0 27 0 0 9 0 0 0 48 41
0 0 16 3 0 0 39 0 0 37 0 46 30 38 0 0 0 14 17 0 47 37 0 0 19 17 0 0 0 41
9 0 0 0 0 39 0 0 35 32 20 0 0 49 0 12 0 0 39 0 0 0 0 0 34 23 0 0 0 17
8 0 0 0 6 0 0 0 26 0 15 27 7 0 0 24 15 0 39 0 0 0 30 0 0 0 0 0 26 0
23 0 36 0 22 0 35 26 0 0 24 4 0 18 48 20 0 32 0 0 17 0 48 0 39 40 0 22 14 38
0 0 20 34 0 37 32 0 0 0 14 42 0 1 29 10 34 42 3 0 37 0 31 28 11 9 0 0 0 30
45 32 49 0 10 0 20 15 24 14 0 0 26 48 0 39 7 31 0 0 29 32 0 0 4 0 20 43 49 14
7 7 0 0 0 46 0 27 4 42 0 0 37 0 0 10 16 13 23 0 0 4 0 18 15 23 0 0 10 33
0 0 0 28 0 30 0 7 0 0 26 37 0 1 0 2 24 11 7 29 30 0 6 26 14 25 6 19 11 10
0 0 19 0 46 38 49 0 18 1 48 0 1 0 0 45 29 0 32 0 0 0 6 27 21 0 0 9 0 46
19 28 8 16 0 0 0 0 48 29 0 0 0 0 0 0 35 35 0 0 0 15 0 8 10 0 14 29 0 5
32 0 11 34 0 0 12 24 20 10 39 10 2 45 0 0 0 0 0 44 2 25 25 0 21 0 31 0 32 24
33 0 0 0 35 0 0 15 0 34 7 16 24 29 35 0 0 9 5 0 0 10 0 0 1 0 37 24 31 26
13 36 0 13 39 14 0 0 32 42 31 13 11 0 35 0 9 0 0 0 26 12 0 36 0 25 0 0 0 2
0 0 29 0 27 17 39 39 0 3 0 23 7 32 0 0 5 0 0 0 0 0 0 0 36 23 0 0 0 35
5 0 7 20 0 0 0 0 0 0 0 0 29 0 0 44 0 0 0 0 0 46 4 32 48 14 0 37 0 19
46 17 0 31 0 47 0 0 17 37 29 0 30 0 0 2 0 26 0 0 0 0 16 0 40 7 17 32 23 13
43 0 36 29 27 37 0 0 0 0 32 4 0 0 15 25 10 12 0 46 0 0 33 0 44 0 19 0 0 0
0 46 44 11 0 0 0 30 48 31 0 0 6 6 0 25 0 0 0 4 16 33 0 0 4 39 48 39 23 26
29 0 34 33 0 0 0 0 0 28 0 18 26 27 8 0 0 36 0 32 0 0 0 0 15 0 0 0 0 49
20 39 0 0 9 19 34 0 39 11 4 15 14 21 10 21 1 0 36 48 40 44 4 15 0 7 29 0 18 0
40 12 0 0 0 17 23 0 40 9 0 23 25 0 0 0 0 25 23 14 7 0 39 0 7 0 0 0 0 0
15 3 3 7 0 0 0 0 0 0 20 0 6 0 14 31 37 0 0 0 17 19 48 0 29 0 0 27 19 0
37 1 0 25 0 0 0 0 22 0 43 0 19 9 29 0 24 0 0 37 32 0 39 0 0 0 27 0 45 0
0 41 12 30 48 0 0 26 14 0 49 10 11 0 0 32 31 0 0 0 23 0 23 0 18 0 19 45 0 0
0 9 29 44 41 41 17 0 38 30 14 33 10 46 5 24 26 2 35 19 13 0 26 49 0 0 0 0 0 0

0 0 18 0 0 8 8 0 0 44 2 0 0 5 12 3 0 25 17 23 40 0 40 25 0 0 37 0 24 0
0 0 0 4 36 27 0 0 34 14 31 0 0 37 0 22 0 21 0 23 33 0 0 33 1 0 40 41 0 0
18 0 0 0 17 45 25 0 0 0 27 0 20 22 29 29 0 30 34 0 15 0 0 0 0 8 0 28 0 0
0 4 0 0 0 42 46 39 20 0 0 0 0 0 7 0 26 26 33 0 19 0 0 0 44 6 0 3 34 39
0 36 17 0 0 0 0 35 0 44 21 37 0 15 0 0 0 0 46 0 16 14 0 3 0 16 0 0 34 24
8 27 45 42 0 0 0 20 0 12 30 0 21 39 4 0 0 0 19 29 18 1 42 13 26 6 0 24 0 17
8 0 25 46 0 0 0 0 0 8 0 10 36 22 6 44 3 0 0 0 41 0 30 45 0 7 46 0 26 15
0 0 0 39 35 20 0 0 0 46 0 36 15 0 0 17 0 19 14 39 18 36 0 42 36 48 0 48 0 0
0 34 0 20 0 0 0 0 0 5 30 18 0 0 0 48 19 0 9 34 0 33 27 0 0 0 19 0 0 3
44 14 0 0 44 12 8 46 5 0 12 49 24 0 0 28 0 0 39 42 17 16 0 1 19 8 14 0 6 0
2 31 27 0 21 30 0 0 30 12 0 47 20 14 0 37 0 0 6 0 4 0 42 17 0 3 0 0 0 2
0 0 0 0 37 0 10 36 18 49 47 0 8 0 41 0 20 0 0 2 0 0 18 43 0 0 8 48 26 0
0 0 20 0 0 21 36 15 0 24 20 8 0 12 0 44 0 25 30 0 0 31 17 0 0 30 0 0 0 0
5 37 22 0 15 39 22 0 0 0 14 0 12 0 9 0 44 0 31 48 8 0 0 22 0 5 25 0 0 22
12 0 29 7 0 4 6 0 0 0 0 41 0 9 0 46 43 0 49 26 12 46 20 0 49 27 0 0 0 49
3 22 29 0 0 0 44 17 48 28 37 0 44 0 46 0 0 19 9 18 45 22 26 5 9 25 0 25 0 0
0 0 0 26 0 0 3 0 19 0 0 20 0 44 43 0 0 12 0 5 12 7 0 0 0 40 37 0 12 42
25 21 30 26 0 0 0 19 0 0 0 0 25 0 0 19 12 0 0 37 0 6 41 0 0 43 0 0 29 44
17 0 34 33 46 19 0 14 9 39 6 0 30 31 49 9 0 0 0 40 15 45 3 0 5 42 0 11 0 29
23 23 0 0 0 29 0 39 34 42 0 2 0 48 26 18 5 37 40 0 37 16 29 0 10 32 15 0 0 0
40 33 15 19 16 18 41 18 0 17 4 0 0 8 12 45 12 0 15 37 0 16 0 26 0 26 0 0 23 37
0 0 0 0 14 1 0 36 33 16 0 0 31 0 46 22 7 6 45 16 16 0 31 8 36 42 0 17 7 2
40 0 0 0 0 42 30 0 27 0 42 18 17 0 20 26 0 41 3 29 0 31 0 2 0 0 43 13 0 0
25 33 0 0 3 13 45 42 0 1 17 43 0 22 0 5 0 0 0 0 26 8 2 0 0 29 12 0 15 0
0 1 0 44 0 26 0 36 0 19 0 0 0 0 49 9 0 0 5 10 0 36 0 0 0 30 0 20 21 33
0 0 8 6 16 6 7 48 0 8 3 0 30 5 27 25 40 43 42 32 26 42 0 29 30 0 19 11 0 0
37 40 0 0 0 0 46 0 19 14 0 8 0 25 0 0 37 0 0 15 0 0 43 12 0 19 0 30 40 0
0 41 28 3 0 24 0 48 0 0 0 48 0 0 0 25 0 0 11 0 0 17 13 0 20 11 30 0 40 32
24 0 0 34 34 0 26 0 0 6 0 26 0 0 0 0 12 29 0 0 23 7 0 15 21 0 40 40 0 11
0 0 0 39 24 17 15 0 3 0 2 0 0 22 49 0 42 44 29 0 37 2 0 0 33 0 0 32 11 0

