30

0 0 28 0 0 35 47 17 26 14 3 45 0 18 15 13 27 1 36 38 0 48 40 35 27 16 23 0 46 26
0 0 10 10 0 48 0 5 44 0 1 19 43 0 43 0 39 0 25 0 13 22 33 27 0 39 48 45 21 0
28 10 0 0 29 37 7 3 0 43 0 7 3 13 0 35 0 42 0 0 0 0 32 27 2 0 0 15 30 4
0 10 0 0 47 0 12 0 29 12 0 4 17 41 0 29 23 39 0 34 0 38 49 25 1 31 0 0 39 1
0 0 29 47 0 20 10 1 0 36 29 7 30 0 21 20 42 0 38 18 30 4 0 41 20 0 8 0 19 0
35 48 37 0 20 0 0 0 0 0 0 29 16 46 0 34 0 39 0 26 0 48 27 37 16 0 0 0 2 0
47 0 7 12 10 0 0 0 30 49 25 0 0 47 34 4 23 33 0 0 39 0 7 17 14 0 0 44 37 37
17 5 3 0 1 0 0 0 0 35 9 19 0 10 0 0 5 0 0 13 24 0 39 33 35 40 3 44 0 20
26 44 0 29 0 0 30 0 0 38 0 41 26 0 0 37 0 12 40 6 38 0 18 16 5 43 48 46 0 10
14 0 43 12 36 0 49 35 38 0 13 0 30 6 44 1 36 45 16 0 10 0 29 0 1 24 41 0 0 42
3 1 0 0 29 0 25 9 0 13 0 0 0 18 0 13 32 0 0 0 3 0 2 1 0 40 10 23 0 0
45 19 7 4 7 29 0 19 41 0 0 0 0 0 43 0 0 33 0 0 19 0 0 34 4 0 12 12 0 0
0 43 3 17 30 16 0 0 26 30 0 0 0 14 40 0 0 0 23 32 3 19 30 8 28 0 49 43 23 0
18 0 13 41 0 46 47 10 0 6 18 0 14 0 0 12 0 46 0 41 39 7 0 0 16 30 37 21 29 32
15 43 0 0 21 0 34 0 0 44 0 43 40 0 0 0 7 0 0 0 43 46 0 6 21 0 32 23 26 1
13 0 35 29 20 34 4 0 37 1 13 0 0 12 0 0 0 30 14 0 15 3 2 0 49 28 0 0 48 0
27 39 0 23 42 0 23 5 0 36 32 0 0 0 7 0 0 0 18 0 0 0 12 0 2 0 41 22 0 0
1 0 42 39 0 39 33 0 12 45 0 33 0 46 0 30 0 0 0 0 41 18 35 45 0 40 0 23 29 0
36 25 0 0 38 0 0 0 40 16 0 0 23 0 0 14 18 0 0 5 34 36 0 0 20 24 3 23 8 48
38 0 0 34 18 26 0 13 6 0 0 0 32 41 0 0 0 0 5 0 45 47 39 47 46 44 0 19 0 25
0 13 0 0 30 0 39 24 38 10 3 19 3 39 43 15 0 41 34 45 0 15 0 3 30 3 0 40 26 0
48 22 0 38 4 48 0 0 0 0 0 0 19 7 46 3 0 18 36 47 15 0 41 26 0 10 21 0 0 0
40 33 32 49 0 27 7 39 18 29 2 0 30 0 0 2 12 35 0 39 0 41 0 19 0 0 0 3 12 28
35 27 27 25 41 37 17 33 16 0 1 34 8 0 6 0 0 45 0 47 3 26 19 0 0 0 46 0 16 45
27 0 2 1 20 16 14 35 5 1 0 4 28 16 21 49 2 0 20 46 30 0 0 0 0 35 22 0 0 40
16 39 0 31 0 0 0 40 43 24 40 0 0 30 0 28 0 40 24 44 3 10 0 0 35 0 0 2 0 13
23 48 0 0 8 0 0 3 48 41 10 12 49 37 32 0 41 0 3 0 0 21 0 46 22 0 0 0 0 48
0 45 15 0 0 0 44 44 46 0 23 12 43 21 23 0 22 23 23 19 40 0 3 0 0 2 0 0 0 0
46 21 30 39 19 2 37 0 0 0 0 0 23 29 26 48 0 29 8 0 26 0 12 16 0 0 0 0 0 30
26 0 4 1 0 0 37 20 10 42 0 0 0 32 1 0 0 0 48 25 0 0 28 45 40 13 48 0 30 0

0 26 37 34 26 0 0 0 23 0 0 0 0 49 40 0 0 0 28 26 0 47 29 0 0 0 0 27 0 43
26 0 0 41 0 33 0 35 0 0 10 0 0 31 0 0 0 2 32 6 0 0 49 0 46 0 32 29 36 0
37 0 0 0 0 0 24 17 48 1 0 0 0 17 4 36 0 47 45 23 0 0 0 3 43 0 19 4 43 25
34 41 0 0 40 0 0 28 0 0 0 0 5 48 0 0 43 0 30 23 36 45 0 7 46 0 0 43 48 0
26 0 0 40 0 40 0 0 26 0 9 9 39 39 0 38 32 15 0 0 0 49 0 0 0 13 0 6 0 46
0 33 0 0 40 0 0 35 0 21 0 1 1 0 15 8 0 47 18 0 0 11 1 31 37 15 0 21 0 0
0 0 24 0 0 0 0 5 0 0 43 0 5 0 0 4 19 33 11 0 39 10 32 0 0 0 0 0 36 14
0 35 17 28 0 35 5 0 0 2 0 28 0 29 0 28 17 19 0 4 0 21 42 0 14 45 44 20 0 24
23 0 48 0 26 0 0 0 0 38 34 1 0 24 0 13 19 0 2 43 20 35 0 15 7 0 44 37 0 0
0 0 1 0 0 21 0 2 38 0 0 0 0 27 6 41 0 1 3 0 0 33 0 37 14 43 49 47 22 20
0 10 0 0 9 0 43 0 34 0 0 0 30 0 0 4 40 14 36 4 10 0 0 24 0 0 0 0 21 30
0 0 0 0 9 1 0 28 1 0 0 0 30 0 0 0 36 30 42 0 9 9 21 9 45 6 13 0 0 37
0 0 0 5 39 1 5 0 0 0 30 30 0 2 0 0 0 0 0 49 0 13 29 0 0 37 0 0 0 0
49 31 17 48 39 0 0 29 24 27 0 0 2 0 0 0 0 27 16 33 29 0 0 29 44 23 0 0 0 0
40 0 4 0 0 15 0 0 0 6 0 0 0 0 0 0 6 23 42 0 43 7 0 0 0 0 3 18 3 32
0 0 36 0 38 8 4 28 13 41 4 0 0 0 0 0 0 14 43 40 12 29 0 0 18 43 27 0 0 0
0 0 0 43 32 0 19 17 19 0 40 36 0 0 6 0 0 18 15 18 33 0 0 26 24 0 0 22 39 0
0 2 47 0 15 47 33 19 0 1 14 30 0 27 23 14 18 0 0 0 0 31 0 20 0 0 25 0 0 16
28 32 45 30 0 18 11 0 2 3 36 42 0 16 42 43 15 0 0 37 12 7 39 40 20 0 0 0 37 45
26 6 23 23 0 0 0 4 43 0 4 0 49 33 0 40 18 0 37 0 0 28 23 28 0 45 39 7 31 46
0 0 0 36 0 0 39 0 20 0 10 9 0 29 43 12 33 0 12 0 0 19 0 46 24 0 0 35 0 0
47 0 0 45 49 11 10 21 35 33 0 9 13 0 7 29 0 31 7 28 19 0 0 31 0 15 0 0 9 8
29 49 0 0 0 1 32 42 0 0 0 21 29 0 0 0 0 0 39 23 0 0 0 0 48 36 0 0 11 0
0 0 3 7 0 31 0 0 15 37 24 9 0 29 0 0 26 20 40 28 46 31 0 0 3 30 17 0 22 0
0 46 43 46 0 37 0 14 7 14 0 45 0 44 0 18 24 0 20 0 24 0 48 3 0 0 18 40 7 41
0 0 0 0 13 15 0 45 0 43 0 6 37 23 0 43 0 0 0 45 0 15 36 30 0 0 4 0 3 0
0 32 19 0 0 0 0 44 44 49 0 13 0 0 3 27 0 25 0 39 0 0 0 17 18 4 0 39 44 37
27 29 4 43 6 21 0 20 37 47 0 0 0 0 18 0 22 0 0 7 35 0 0 0 40 0 39 0 0 0
0 36 43 48 0 0 36 0 0 22 21 0 0 0 3 0 39 0 37 31 0 9 11 22 7 3 44 0 0 31
43 0 25 0 46 0 14 24 0 20 30 37 0 0 32 0 0 16 45 46 0 8 0 0 41 0 37 0 31 0

