30

0 0 0 0 0 0 31 0 0 24 15 0 2 5 32 0 0 0 35 0 0 18 0 13 26 0 26 0 0 0
0 0 0 15 0 35 0 0 33 0 21 28 0 33 0 27 0 0 21 0 34 5 49 0 36 40 0 0 37 11
0 0 0 12 19 20 0 0 10 0 0 0 39 27 0 6 47 24 13 0 0 41 0 6 29 0 39 44 0 15
0 15 12 0 37 0 40 0 46 43 23 2 18 25 28 42 4 27 1 25 0 0 24 39 33 0 0 42 0 0
0 0 19 37 0 0 38 46 8 0 0 0 0 11 47 32 32 0 0 0 16 15 0 0 16 38 0 21 24 30
0 35 20 0 0 0 46 0 0 14 17 13 40 0 21 44 46 48 0 0 0 0 0 0 18 0 0 17 0 25
31 0 0 40 38 46 0 0 5 46 26 0 0 0 35 45 10 4 0 5 32 40 0 0 0 1 8 22 0 29
0 0 0 0 46 0 0 0 2 2 44 0 0 0 0 0 48 0 0 0 15 0 22 25 19 0 0 9 0 0
0 33 10 46 8 0 5 2 0 2 0 49 29 21 17 21 21 0 0 0 0 42 0 0 1 49 25 0 46 22
24 0 0 43 0 14 46 2 2 0 35 40 45 0 38 0 0 15 0 0 0 26 0 0 0 0 0 0 0 0
15 21 0 23 0 17 26 44 0 35 0 12 26 0 5 0 36 0 32 0 0 7 0 0 0 0 4 0 48 0
0 28 0 2 0 13 0 0 49 40 12 0 16 0 5 7 0 26 11 31 0 37 18 7 0 0 19 42 28 1
2 0 39 18 0 40 0 0 29 45 26 16 0 36 17 17 0 0 0 0 21 0 0 43 0 42 0 32 0 0
5 33 27 25 11 0 0 0 21 0 0 0 36 0 0 5 28 42 6 46 0 26 19 32 7 35 22 0 22 0
32 0 0 28 47 21 35 0 17 38 5 5 17 0 0 22 0 0 24 12 0 0 12 40 0 13 0 2 45 0
0 27 6 42 32 44 45 0 21 0 0 7 17 5 22 0 0 0 35 0 0 23 0 0 0 38 29 12 0 47
0 0 47 4 32 46 10 48 21 0 36 0 0 28 0 0 0 45 27 4 36 0 0 14 28 9 43 18 0 21
0 0 24 27 0 48 4 0 0 15 0 26 0 42 0 0 45 0 0 0 38 36 41 0 32 0 0 0 0 0
35 21 13 1 0 0 0 0 0 0 32 11 0 6 24 35 27 0 0 24 13 38 0 0 35 47 0 44 5 0
0 0 0 25 0 0 5 0 0 0 0 31 0 46 12 0 4 0 24 0 31 41 45 0 33 19 0 0 34 0
0 34 0 0 16 0 32 15 0 0 0 0 21 0 0 0 36 38 13 31 0 6 30 0 13 28 0 0 0 0
18 5 41 0 15 0 40 0 42 26 7 37 0 26 0 23 0 36 38 41 6 0 29 0 34 0 47 14 25 0
0 49 0 24 0 0 0 22 0 0 0 18 0 19 12 0 0 41 0 45 30 29 0 0 41 19 41 39 0 41
13 0 6 39 0 0 0 25 0 0 0 7 43 32 40 0 14 0 0 0 0 0 0 0 46 44 36 3 0 6
26 36 29 33 16 18 0 19 1 0 0 0 0 7 0 0 28 32 35 33 13 34 41 46 0 21 5 20 8 25
0 40 0 0 38 0 1 0 49 0 0 0 42 35 13 38 9 0 47 19 28 0 19 44 21 0 10 36 0 0
26 0 39 0 0 0 8 0 25 0 4 19 0 22 0 29 43 0 0 0 0 47 41 36 5 10 0 48 48 14
0 0 44 42 21 17 22 9 0 0 0 42 32 0 2 12 18 0 44 0 0 14 39 3 20 36 48 0 36 0
0 37 0 0 24 0 0 0 46 0 48 28 0 22 45 0 0 0 5 34 0 25 0 0 8 0 48 36 0 38
0 11 15 0 30 25 29 0 22 0 0 1 0 0 0 47 21 0 0 0 0 0 41 6 25 0 14 0 38 0

0 49 19 42 8 29 0 0 0 10 26 0 0 11 41 0 0 44 30 0 41 40 42 0 30 11 44 0 31 0
49 0 17 24 42 26 0 0 0 47 0 30 9 25 0 24 0 13 0 0 35 30 35 11 31 18 45 2 0 0
19 17 0 21 36 20 0 0 9 0 0 22 0 30 0 24 30 23 15 0 8 39 43 17 16 42 0 25 0 0
42 24 21 0 27 0 0 0 0 0 16 0 5 0 0 15 0 25 0 19 0 44 0 37 30 0 0 48 0 0
8 42 36 27 0 0 30 0 37 0 18 0 24 0 48 0 0 0 26 0 0 26 0 0 0 4 0 8 41 26
29 26 20 0 0 0 44 0 44 29 0 0 30 31 30 21 0 17 0 25 43 40 41 21 7 49 0 0 0 48
0 0 0 0 30 44 0 34 0 31 0 38 0 0 0 0 9 0 40 0 45 0 0 42 27 0 0 15 35 0
0 0 0 0 0 0 34 0 0 13 39 0 3 47 48 24 46 0 8 0 0 0 17 29 0 26 4 26 10 32
0 0 9 0 37 44 0 0 0 23 0 47 0 47 0 0 0 0 5 0 49 0 0 0 0 12 15 0 0 1
10 47 0 0 0 29 31 13 23 0 45 0 3 0 40 41 0 0 14 17 0 3 0 4 0 22 8 32 47 17
26 0 0 16 18 0 0 39 0 45 0 15 4 0 46 0 0 0 45 0 0 0 34 35 33 46 1 0 0 0
0 30 22 0 0 0 38 0 47 0 15 0 0 0 30 9 0 0 0 0 5 5 0 3 6 39 0 0 0 0
0 9 0 5 24 30 0 3 0 3 4 0 0 24 3 46 42 0 1 0 3 0 33 38 0 14 0 6 0 36
11 25 30 0 0 31 0 47 47 0 0 0 24 0 0 25 0 21 0 12 28 0 17 48 0 0 0 0 21 0
41 0 0 0 48 30 0 48 0 40 46 30 3 0 0 0 0 25 0 13 13 16 32 47 0 29 0 0 35 48
0 24 24 15 0 21 0 24 0 41 0 9 46 25 0 0 0 0 17 49 49 0 0 0 0 17 0 45 0 30
0 0 30 0 0 0 9 46 0 0 0 0 42 0 0 0 0 0 19 45 44 18 17 0 0 0 25 0 8 9
44 13 23 25 0 17 0 0 0 0 0 0 0 21 25 0 0 0 0 0 44 26 0 0 13 1 22 34 0 0
30 0 15 0 26 0 40 8 5 14 45 0 1 0 0 17 19 0 0 0 14 4 4 28 8 28 0 43 37 15
0 0 0 19 0 25 0 0 0 17 0 0 0 12 13 49 45 0 0 0 0 5 0 26 12 32 0 47 35 0
41 35 8 0 0 43 45 0 49 0 0 5 3 28 13 49 44 44 14 0 0 42 37 0 0 4 0 0 14 19
40 30 39 44 26 40 0 0 0 3 0 5 0 0 16 0 18 26 4 5 42 0 0 41 19 9 24 0 1 6
42 35 43 0 0 41 0 17 0 0 34 0 33 17 32 0 17 0 4 0 37 0 0 29 22 4 0 2 38 0
0 11 17 37 0 21 42 29 0 4 35 3 38 48 47 0 0 0 28 26 0 41 29 0 0 20 0 37 0 21
30 31 16 30 0 7 27 0 0 0 33 6 0 0 0 0 0 13 8 12 0 19 22 0 0 0 0 4 32 15
11 18 42 0 4 49 0 26 12 22 46 39 14 0 29 17 0 1 28 32 4 9 4 20 0 0 13 32 27 13
44 45 0 0 0 0 0 4 15 8 1 0 0 0 0 0 25 22 0 0 0 24 0 0 0 13 0 37 21 9
0 2 25 48 8 0 15 26 0 32 0 0 6 0 0 45 0 34 43 47 0 0 2 37 4 32 37 0 0 42
31 0 0 0 41 0 35 10 0 47 0 0 0 21 35 0 8 0 37 35 14 1 38 0 32 27 21 0 0 4
0 0 0 0 26 48 0 32 1 17 0 0 36 0 48 30 9 0 15 0 19 6 0 21 15 13 9 42 4 0

