30

0 6 22 49 5 18 0 0 2 0 12 42 0 31 21 4 31 0 31 46 7 35 43 45 2 0 11 0 10 17
6 0 48 32 0 39 0 14 33 0 48 22 16 0 37 41 43 0 0 25 16 0 6 16 0 26 3 44 0 0
22 48 0 0 38 33 0 14 0 45 0 9 0 25 41 12 0 0 0 25 0 0 7 0 15 28 0 0 24 24
49 32 0 0 0 2 42 35 0 0 0 1 0 20 0 0 0 0 7 45 26 33 13 28 1 13 7 0 30 46
5 0 38 0 0 34 39 0 46 36 0 0 2 1 11 0 10 26 17 19 34 0 49 34 0 49 40 36 0 46
18 39 33 2 34 0 15 0 0 5 0 0 1 0 0 15 2 31 10 45 18 30 0 8 0 0 0 20 22 0
0 0 0 42 39 15 0 0 0 24 19 0 0 0 0 4 38 8 0 29 44 0 0 32 10 14 0 48 4 0
0 14 14 35 0 0 0 0 0 0 0 14 0 0 46 0 38 15 29 47 0 38 7 26 7 0 0 12 42 43
2 33 0 0 46 0 0 0 0 48 0 18 14 41 2 0 0 47 35 7 12 40 16 40 0 0 0 0 39 0
0 0 45 0 36 5 24 0 48 0 46 0 31 7 5 0 17 0 0 0 9 36 23 0 12 21 0 36 0 22
12 48 0 0 0 0 19 0 0 46 0 17 27 42 14 0 19 31 26 39 0 4 0 0 0 22 18 0 27 20
42 22 9 1 0 0 0 14 18 0 17 0 46 30 9 0 34 9 48 20 0 0 0 0 48 0 0 0 0 0
0 16 0 0 2 1 0 0 14 31 27 46 0 0 16 0 23 0 0 0 0 24 20 0 0 0 48 33 45 21
31 0 25 20 1 0 0 0 41 7 42 30 0 0 37 31 36 44 6 13 0 0 41 0 0 12 14 39 45 23
21 37 41 0 11 0 0 46 2 5 14 9 16 37 0 44 20 0 0 0 0 0 31 0 22 13 0 21 2 0
4 41 12 0 0 15 4 0 0 0 0 0 0 31 44 0 0 43 0 30 22 0 0 0 0 0 43 16 0 47
31 43 0 0 10 2 38 38 0 17 19 34 23 36 20 0 0 34 0 4 0 23 3 6 0 15 8 15 0 6
0 0 0 0 26 31 8 15 47 0 31 9 0 44 0 43 34 0 37 0 0 0 23 0 8 0 24 41 0 7
31 0 0 7 17 10 0 29 35 0 26 48 0 6 0 0 0 37 0 0 31 0 0 0 28 30 0 41 44 13
46 25 25 45 19 45 29 47 7 0 39 20 0 13 0 30 4 0 0 0 15 4 36 0 9 0 24 13 0 16
7 16 0 26 34 18 44 0 12 9 0 0 0 0 0 22 0 0 31 15 0 0 0 40 39 0 3 0 0 18
35 0 0 33 0 30 0 38 40 36 4 0 24 0 0 0 23 0 0 4 0 0 0 0 30 0 42 0 30 0
43 6 7 13 49 0 0 7 16 23 0 0 20 41 31 0 3 23 0 36 0 0 0 44 24 40 0 43 0 42
45 16 0 28 34 8 32 26 40 0 0 0 0 0 0 0 6 0 0 0 40 0 44 0 0 0 47 0 8 10
2 0 15 1 0 0 10 7 0 12 0 48 0 0 22 0 0 8 28 9 39 30 24 0 0 3 0 35 6 0
0 26 28 13 49 0 14 0 0 21 22 0 0 12 13 0 15 0 30 0 0 0 40 0 3 0 9 0 38 0
11 3 0 7 40 0 0 0 0 0 18 0 48 14 0 43 8 24 0 24 3 42 0 47 0 9 0 35 23 0
0 44 0 0 36 20 48 12 0 36 0 0 33 39 21 16 15 41 41 13 0 0 43 0 35 0 35 0 0 32
10 0 24 30 0 22 4 42 39 0 27 0 45 45 2 0 0 0 44 0 0 30 0 8 6 38 23 0 0 49
17 0 24 46 46 0 0 43 0 22 20 0 21 23 0 47 6 7 13 16 18 0 42 10 0 0 0 32 49 0

0 0 0 33 0 0 10 41 13 0 0 0 0 0 6 32 21 36 35 0 2 15 0 0 0 0 0 0 38 10
0 0 5 24 7 0 0 22 15 38 41 0 0 0 11 42 0 17 9 0 19 35 35 48 13 6 0 11 0 24
0 5 0 0 47 0 0 37 36 0 10 46 0 3 1 0 11 0 0 0 3 24 0 0 0 0 0 33 36 0
33 24 0 0 45 0 2 33 19 0 0 25 0 5 0 20 27 41 0 44 35 4 5 6 36 28 0 15 22 22
0 7 47 45 0 38 20 0 40 42 47 5 24 20 30 0 6 35 10 0 40 3 24 24 0 13 0 15 37 0
0 0 0 0 38 0 0 0 23 3 0 34 12 0 0 13 26 46 0 34 20 26 18 6 0 0 0 0 4 0
10 0 0 2 20 0 0 48 9 0 0 45 0 38 0 0 0 4 40 5 42 16 37 21 48 0 0 30 11 37
41 22 37 33 0 0 48 0 39 39 0 0 0 0 0 0 33 0 7 48 0 25 28 18 7 0 0 37 26 6
13 15 36 19 40 23 9 39 0 8 0 30 44 0 14 0 0 0 42 32 28 0 0 49 0 13 0 0 45 0
0 38 0 0 42 3 0 39 8 0 45 42 17 46 0 4 0 7 0 0 0 36 26 4 0 6 0 0 33 30
0 41 10 0 47 0 0 0 0 45 0 0 49 0 31 49 47 9 48 0 16 0 34 0 37 1 0 48 20 16
0 0 46 25 5 34 45 0 30 42 0 0 0 6 27 0 0 0 5 23 8 0 0 20 8 0 12 35 12 23
0 0 0 0 24 12 0 0 44 17 49 0 0 0 0 42 33 44 0 0 0 0 0 15 40 0 34 15 41 7
0 0 3 5 20 0 38 0 0 46 0 6 0 0 3 0 31 0 0 0 0 35 0 39 29 0 0 0 0 8
6 11 1 0 30 0 0 0 14 0 31 27 0 3 0 1 33 0 33 4 29 31 0 0 39 15 38 45 28 11
32 42 0 20 0 13 0 0 0 4 49 0 42 0 1 0 0 0 31 11 0 34 0 7 0 1 0 16 31 0
21 0 11 27 6 26 0 33 0 0 47 0 33 31 33 0 0 0 0 15 23 8 13 0 0 48 38 0 26 0
36 17 0 41 35 46 4 0 0 7 9 0 44 0 0 0 0 0 0 0 21 6 9 0 0 0 4 43 38 0
35 9 0 0 10 0 40 7 42 0 48 5 0 0 33 31 0 0 0 17 0 18 14 0 0 0 0 0 20 1
0 0 0 44 0 34 5 48 32 0 0 23 0 0 4 11 15 0 17 0 47 38 5 41 28 1 0 10 48 47
2 19 3 35 40 20 42 0 28 0 16 8 0 0 29 0 23 21 0 47 0 15 0 39 0 29 47 0 0 0
15 35 24 4 3 26 16 25 0 36 0 0 0 35 31 34 8 6 18 38 15 0 0 24 49 33 0 46 0 16
0 35 0 5 24 18 37 28 0 26 34 0 0 0 0 0 13 9 14 5 0 0 0 14 29 0 0 0 0 0
0 48 0 6 24 6 21 18 49 4 0 20 15 39 0 7 0 0 0 41 39 24 14 0 12 0 2 0 31 0
0 13 0 36 0 0 48 7 0 0 37 8 40 29 39 0 0 0 0 28 0 49 29 12 0 0 7 23 0 0
0 6 0 28 13 0 0 0 13 6 1 0 0 0 15 1 48 0 0 1 29 33 0 0 0 0 0 18 41 47
0 0 0 0 0 0 0 0 0 0 0 12 34 0 38 0 38 4 0 0 47 0 0 2 7 0 0 19 39 0
0 11 33 15 15 0 30 37 0 0 48 35 15 0 45 16 0 43 0 10 0 46 0 0 23 18 19 0 0 47
38 0 36 22 37 4 11 26 45 33 20 12 41 0 28 31 26 38 20 48 0 0 0 31 0 41 39 0 0 8
10 24 0 22 0 0 37 6 0 30 16 23 7 8 11 0 0 0 1 47 0 16 0 0 0 47 0 47 8 0

