30

0 16 0 0 37 46 7 0 0 0 5 0 0 1 0 12 0 25 18 14 31 0 0 0 0 0 0 49 38 2
16 0 5 20 27 38 34 0 42 0 0 0 21 0 0 0 0 0 9 36 0 0 37 49 46 4 40 0 37 0
0 5 0 45 31 0 0 0 0 0 0 32 8 27 47 0 11 6 0 15 47 0 0 0 0 0 0 0 2 10
0 20 45 0 0 0 0 0 31 47 18 2 0 0 0 29 0 27 0 7 39 0 0 0 6 27 39 48 42 0
37 27 31 0 0 0 31 10 0 0 4 10 0 9 0 35 0 0 3 37 8 0 0 18 21 25 23 45 35 10
46 38 0 0 0 0 33 0 0 5 28 47 0 29 0 48 0 45 41 15 7 37 0 0 35 0 0 0 30 41
7 34 0 0 31 33 0 0 46 0 31 29 10 49 2 45 32 0 0 0 15 45 5 0 46 25 0 0 0 0
0 0 0 0 10 0 0 0 0 0 0 0 29 0 33 38 13 34 33 0 45 0 47 32 9 25 0 0 0 0
0 42 0 31 0 0 46 0 0 20 0 30 0 5 12 1 14 24 25 0 0 45 38 29 26 37 0 17 30 23
0 0 0 47 0 5 0 0 20 0 41 29 18 0 25 9 33 0 0 0 0 47 46 18 30 0 25 11 30 0
5 0 0 18 4 28 31 0 0 41 0 21 26 0 33 0 3 0 0 32 0 48 42 0 0 0 0 0 38 0
0 0 32 2 10 47 29 0 30 29 21 0 0 22 0 39 8 0 28 40 37 22 43 0 38 27 0 0 0 0
0 21 8 0 0 0 10 29 0 18 26 0 0 21 0 0 0 0 39 12 4 7 0 0 24 0 11 28 0 26
1 0 27 0 9 29 49 0 5 0 0 22 21 0 19 0 42 25 18 47 0 44 46 0 0 0 11 8 20 0
0 0 47 0 0 0 2 33 12 25 33 0 0 19 0 47 34 0 13 21 0 0 44 0 17 0 40 31 29 12
12 0 0 29 35 48 45 38 1 9 0 39 0 0 47 0 0 42 0 7 0 0 23 18 3 0 14 0 0 8
0 0 11 0 0 0 32 13 14 33 3 8 0 42 34 0 0 10 3 9 22 41 5 0 10 31 10 22 16 6
25 0 6 27 0 45 0 34 24 0 0 0 0 25 0 42 10 0 48 33 48 7 12 12 0 45 14 27 0 0
18 9 0 0 3 41 0 33 25 0 0 28 39 18 13 0 3 48 0 0 0 30 45 0 43 26 12 35 19 42
14 36 15 7 37 15 0 0 0 0 32 40 12 47 21 7 9 33 0 0 9 0 0 45 0 14 36 0 4 35
31 0 47 39 8 7 15 45 0 0 0 37 4 0 0 0 22 48 0 9 0 0 0 0 3 0 0 19 31 12
0 0 0 0 0 37 45 0 45 47 48 22 7 44 0 0 41 7 30 0 0 0 5 45 0 30 13 0 0 28
0 37 0 0 0 0 5 47 38 46 42 43 0 46 44 23 5 12 45 0 0 5 0 21 37 0 5 0 0 7
0 49 0 0 18 0 0 32 29 18 0 0 0 0 0 18 0 12 0 45 0 45 21 0 23 37 14 8 20 0
0 46 0 6 21 35 46 9 26 30 0 38 24 0 17 3 10 0 43 0 3 0 37 23 0 13 0 6 24 4
0 4 0 27 25 0 25 25 37 0 0 27 0 0 0 0 31 45 26 14 0 30 0 37 13 0 14 0 17 14
0 40 0 39 23 0 0 0 0 25 0 0 11 11 40 14 10 14 12 36 0 13 5 14 0 14 0 8 26 1
49 0 0 48 45 0 0 0 17 11 0 0 28 8 31 0 22 27 35 0 19 0 0 8 6 0 8 0 0 29
38 37 2 42 35 30 0 0 30 30 38 0 0 20 29 0 16 0 19 4 31 0 0 20 24 17 26 0 0 34
2 0 10 0 10 41 0 0 23 0 0 0 26 0 12 8 6 0 42 35 12 28 7 0 4 14 1 29 34 0

0 47 0 6 22 0 0 11 47 48 0 24 31 39 46 19 0 15 35 0 5 0 10 0 45 0 37 38 45 35
47 0 5 5 0 0 48 36 0 0 11 12 0 37 0 21 8 20 16 0 0 2 9 0 5 32 0 21 2 37
0 5 0 23 0 0 11 1 0 9 0 16 30 16 0 0 0 39 0 40 10 3 42 24 2 42 0 0 14 0
6 5 23 0 0 0 6 0 0 0 0 5 26 0 0 4 0 0 43 7 0 0 0 0 33 44 49 47 0 1
22 0 0 0 0 39 0 29 14 19 0 42 39 21 0 0 20 8 20 0 14 36 16 13 0 0 39 7 10 34
0 0 0 0 39 0 18 0 42 39 0 0 45 6 4 0 0 28 0 0 35 46 0 46 0 0 33 28 0 29
0 48 11 6 0 18 0 0 14 44 0 9 43 15 0 47 8 0 0 34 0 0 20 18 48 9 8 0 13 39
11 36 1 0 29 0 0 0 46 10 4 0 0 11 23 0 48 36 10 4 27 23 27 24 0 0 22 0 0 12
47 0 0 0 14 42 14 46 0 45 25 27 0 0 0 17 0 0 0 39 0 0 6 36 43 0 31 7 0 0
48 0 9 0 19 39 44 10 45 0 0 0 44 0 11 25 0 0 37 0 0 35 48 33 23 20 28 0 0 19
0 11 0 0 0 0 0 4 25 0 0 0 9 41 0 0 46 0 0 33 20 0 0 32 0 0 2 24 7 0
24 12 16 5 42 0 9 0 27 0 0 0 0 0 31 12 25 0 45 0 0 23 0 35 43 0 42 0 22 0
31 0 30 26 39 45 43 0 0 44 9 0 0 37 11 49 5 0 15 33 49 0 11 20 0 40 0 0 31 1
39 37 16 0 21 6 15 11 0 0 41 0 37 0 1 37 37 0 0 27 0 0 30 21 0 12 2 0 0 0
46 0 0 0 0 4 0 23 0 11 0 31 11 1 0 46 0 0 0 0 45 0 0 21 0 17 0 42 28 36
19 21 0 4 0 0 47 0 17 25 0 12 49 37 46 0 42 0 32 40 0 0 0 25 0 0 0 12 0 0
0 8 0 0 20 0 8 48 0 0 46 25 5 37 0 42 0 0 0 3 0 44 0 0 20 44 43 21 37 2
15 20 39 0 8 28 0 36 0 0 0 0 0 0 0 0 0 0 7 0 0 2 0 25 0 20 0 35 12 30
35 16 0 43 20 0 0 10 0 37 0 45 15 0 0 32 0 7 0 43 3 12 0 2 21 0 0 34 0 32
0 0 40 7 0 0 34 4 39 0 33 0 33 27 0 40 3 0 43 0 11 0 22 17 31 0 27 0 13 48
5 0 10 0 14 35 0 27 0 0 20 0 49 0 45 0 0 0 3 11 0 0 0 6 0 0 20 32 0 0
0 2 3 0 36 46 0 23 0 35 0 23 0 0 0 0 44 2 12 0 0 0 3 35 27 0 0 0 0 0
10 9 42 0 16 0 20 27 6 48 0 0 11 30 0 0 0 0 0 22 0 3 0 0 17 17 0 27 16 49
0 0 24 0 13 46 18 24 36 33 32 35 20 21 21 25 0 25 2 17 6 35 0 0 0 0 0 0 0 0
45 5 2 33 0 0 48 0 43 23 0 43 0 0 0 0 20 0 21 31 0 27 17 0 0 6 6 0 11 24
0 32 42 44 0 0 9 0 0 20 0 0 40 12 17 0 44 20 0 0 0 0 17 0 6 0 14 41 5 42
37 0 0 49 39 33 8 22 31 28 2 42 0 2 0 0 43 0 0 27 20 0 0 0 6 14 0 33 1 12
38 21 0 47 7 28 0 0 7 0 24 0 0 0 42 12 21 35 34 0 32 0 27 0 0 41 33 0 34 0
45 2 14 0 10 0 13 0 0 0 7 22 31 0 28 0 37 12 0 13 0 0 16 0 11 5 1 34 0 0
35 37 0 1 34 29 39 12 0 19 0 0 1 0 36 0 2 30 32 48 0 0 49 0 24 42 12 0 0 0

