30

0 36 12 4 0 26 40 20 43 44 0 0 0 30 7 29 10 0 26 0 6 0 34 2 0 0 0 0 37 0
36 0 0 18 0 20 4 49 14 0 11 19 19 0 0 9 0 0 0 21 0 0 11 3 43 19 0 0 46 0
12 0 0 29 47 25 0 0 0 0 0 19 47 0 0 0 12 19 0 23 0 17 39 0 15 0 35 38 19 22
4 18 29 0 18 41 0 1 0 0 0 0 32 15 35 0 18 22 42 34 44 0 0 35 14 13 0 39 0 15
0 0 47 18 0 24 0 6 0 0 3 0 0 0 0 0 26 2 0 43 16 36 21 34 26 0 0 0 7 0
26 20 25 41 24 0 0 3 0 0 32 48 0 46 0 20 0 10 0 0 0 13 26 12 25 0 0 0 45 0
40 4 0 0 0 0 0 0 16 0 35 18 44 45 40 5 0 14 1 0 0 0 0 0 21 0 29 2 45 42
20 49 0 1 6 3 0 0 0 0 0 4 33 40 0 29 28 0 18 10 0 0 18 9 49 31 0 17 43 0
43 14 0 0 0 0 16 0 0 0 0 0 0 0 15 0 32 0 46 0 0 0 37 9 20 0 0 2 11 0
44 0 0 0 0 0 0 0 0 0 30 49 18 0 0 19 8 0 0 0 9 0 0 41 25 39 36 15 26 14
0 11 0 0 3 32 35 0 0 30 0 0 6 30 37 1 22 3 30 0 0 13 46 40 0 10 18 0 30 42
0 19 19 0 0 48 18 4 0 49 0 0 0 47 0 0 25 5 29 0 0 34 35 0 0 9 27 43 36 17
0 19 47 32 0 0 44 33 0 18 6 0 0 49 8 0 8 0 0 14 15 49 20 18 1 0 17 44 0 35
30 0 0 15 0 46 45 40 0 0 30 47 49 0 28 32 0 0 47 6 40 9 30 11 3 0 36 15 0 0
7 0 0 35 0 0 40 0 15 0 37 0 8 28 0 0 23 10 32 0 0 33 18 6 0 24 0 0 0 15
29 9 0 0 0 20 5 29 0 19 1 0 0 32 0 0 32 21 43 0 14 34 0 44 0 0 0 9 40 0
10 0 12 18 26 0 0 28 32 8 22 25 8 0 23 32 0 22 0 0 16 3 25 15 0 0 0 20 20 0
0 0 19 22 2 10 14 0 0 0 3 5 0 0 10 21 22 0 45 0 36 0 0 0 0 0 0 30 45 0
26 0 0 42 0 0 1 18 46 0 30 29 0 47 32 43 0 45 0 0 0 0 0 45 11 44 6 45 0 40
0 21 23 34 43 0 0 10 0 0 0 0 14 6 0 0 0 0 0 0 26 0 11 3 30 19 0 7 0 21
6 0 0 44 16 0 0 0 0 9 0 0 15 40 0 14 16 36 0 26 0 0 16 49 0 0 0 0 6 0
0 0 17 0 36 13 0 0 0 0 13 34 49 9 33 34 3 0 0 0 0 0 0 44 34 37 0 0 24 0
34 11 39 0 21 26 0 18 37 0 46 35 20 30 18 0 25 0 0 11 16 0 0 41 0 13 3 42 13 19
2 3 0 35 34 12 0 9 9 41 40 0 18 11 6 44 15 0 45 3 49 44 41 0 0 0 0 30 0 30
0 43 15 14 26 25 21 49 20 25 0 0 1 3 0 0 0 0 11 30 0 34 0 0 0 0 37 1 34 0
0 19 0 13 0 0 0 31 0 39 10 9 0 0 24 0 0 0 44 19 0 37 13 0 0 0 10 0 0 37
0 0 35 0 0 0 29 0 0 36 18 27 17 36 0 0 0 0 6 0 0 0 3 0 37 10 0 26 0 4
0 0 38 39 0 0 2 17 2 15 0 43 44 15 0 9 20 30 45 7 0 0 42 30 1 0 26 0 37 0
37 46 19 0 7 45 45 43 11 26 30 36 0 0 0 40 20 45 0 0 6 24 13 0 34 0 0 37 0 0
0 0 22 15 0 0 42 0 0 14 42 17 35 0 15 0 0 0 40 21 0 0 19 30 0 37 4 0 0 0

0 25 0 39 4 29 0 3 24 0 4 0 0 1 6 13 39 28 25 0 37 17 9 16 29 0 10 8 9 0
25 0 44 30 41 0 31 0 33 0 0 0 38 26 0 0 15 5 0 0 0 0 15 23 41 12 27 36 5 30
0 44 0 0 0 0 0 3 0 12 14 2 0 0 22 0 36 0 0 0 0 2 0 40 29 0 17 0 12 0
39 30 0 0 0 0 11 42 42 0 0 15 49 0 4 18 9 41 0 32 0 0 32 30 4 40 0 0 0 48
4 41 0 0 0 11 42 33 3 21 0 41 0 44 19 43 44 0 0 0 38 24 0 39 0 31 32 0 13 37
29 0 0 0 11 0 0 35 0 7 9 8 0 0 27 22 38 20 28 21 0 7 0 0 0 0 33 0 17 6
0 31 0 11 42 0 0 10 0 29 0 9 22 0 43 30 0 46 13 0 12 0 3 0 48 0 39 27 0 30
3 0 3 42 33 35 10 0 0 0 35 0 28 39 0 0 0 40 0 46 14 3 10 29 26 0 0 0 21 17
24 33 0 42 3 0 0 0 0 38 15 38 11 0 0 0 0 34 0 2 0 0 0 38 0 0 47 0 47 12
0 0 12 0 21 7 29 0 38 0 7 0 29 0 37 11 0 46 0 24 0 2 0 47 21 0 0 22 26 0
4 0 14 0 0 9 0 35 15 7 0 31 28 12 0 35 0 0 29 39 47 35 27 0 0 0 0 0 29 0
0 0 2 15 41 8 9 0 38 0 31 0 0 8 0 6 0 0 2 28 0 0 0 10 0 0 4 26 37 7
0 38 0 49 0 0 22 28 11 29 28 0 0 27 48 5 33 20 23 0 26 5 49 1 4 5 12 19 0 0
1 26 0 0 44 0 0 39 0 0 12 8 27 0 35 35 29 49 0 25 0 39 45 13 0 41 32 0 0 35
6 0 22 4 19 27 43 0 0 37 0 0 48 35 0 0 47 34 5 31 44 28 34 7 0 28 26 3 0 44
13 0 0 18 43 22 30 0 0 11 35 6 5 35 0 0 24 25 47 39 44 0 0 2 0 1 21 0 0 0
39 15 36 9 44 38 0 0 0 0 0 0 33 29 47 24 0 0 0 0 35 34 43 46 1 24 49 23 28 0
28 5 0 41 0 20 46 40 34 46 0 0 20 49 34 25 0 0 0 0 35 4 30 0 18 0 7 25 23 25
25 0 0 0 0 28 13 0 0 0 29 2 23 0 5 47 0 0 0 18 43 0 21 8 0 0 36 0 10 36
0 0 0 32 0 21 0 46 2 24 39 28 0 25 31 39 0 0 18 0 9 0 18 42 0 30 38 2 0 0
37 0 0 0 38 0 12 14 0 0 47 0 26 0 44 44 35 35 43 9 0 37 34 17 0 20 30 5 0 0
17 0 2 0 24 7 0 3 0 2 35 0 5 39 28 0 34 4 0 0 37 0 21 0 1 40 25 13 4 0
9 15 0 32 0 0 3 10 0 0 27 0 49 45 34 0 43 30 21 18 34 21 0 0 24 0 0 40 40 0
16 23 40 30 39 0 0 29 38 47 0 10 1 13 7 2 46 0 8 42 17 0 0 0 13 35 15 45 0 35
29 41 29 4 0 0 48 26 0 21 0 0 4 0 0 0 1 18 0 0 0 1 24 13 0 34 35 16 4 13
0 12 0 40 31 0 0 0 0 0 0 0 5 41 28 1 24 0 0 30 20 40 0 35 34 0 30 40 0 26
10 27 17 0 32 33 39 0 47 0 0 4 12 32 26 21 49 7 36 38 30 25 0 15 35 30 0 0 39 0
8 36 0 0 0 0 27 0 0 22 0 26 19 0 3 0 23 25 0 2 5 13 40 45 16 40 0 0 0 41
9 5 12 0 13 17 0 21 47 26 29 37 0 0 0 0 28 23 10 0 0 4 40 0 4 0 39 0 0 33
0 30 0 48 37 6 30 17 12 0 0 7 0 35 44 0 0 25 36 0 0 0 0 35 13 26 0 41 33 0

