30

0 19 15 34 0 2 0 23 27 29 0 17 11 6 40 0 2 0 0 6 38 0 27 0 2 26 0 16 40 0
19 0 0 0 0 0 8 0 0 13 32 0 26 25 33 24 11 0 0 39 24 22 0 0 0 0 47 26 0 31
15 0 0 28 28 9 35 0 47 33 42 31 0 25 42 0 0 5 0 0 5 0 43 37 17 0 0 0 25 0
34 0 28 0 37 0 0 26 0 25 21 14 7 42 24 0 11 32 38 12 44 34 20 12 0 4 5 0 0 0
0 0 28 37 0 9 0 19 24 21 15 36 0 19 39 13 28 0 24 48 0 0 0 33 12 37 48 10 1 47
2 0 9 0 9 0 0 0 0 12 0 10 11 0 0 0 0 0 3 0 9 0 10 15 27 17 1 0 0 0
0 8 35 0 0 0 0 0 28 1 41 41 15 36 0 0 0 5 34 43 25 0 0 0 35 0 0 0 0 26
23 0 0 26 19 0 0 0 29 0 48 12 0 0 0 20 34 0 0 0 18 9 0 0 6 0 23 13 0 0
27 0 47 0 24 0 28 29 0 5 0 19 16 25 35 0 0 0 0 0 5 0 0 4 32 23 22 24 45 0
29 13 33 25 21 12 1 0 5 0 0 34 31 45 2 27 41 44 0 0 0 0 31 0 0 43 43 44 15 0
0 32 42 21 15 0 41 48 0 0 0 0 45 0 26 0 0 0 0 34 7 0 0 0 0 42 0 0 38 20
17 0 31 14 36 10 41 12 19 34 0 0 0 27 20 0 29 27 0 44 4 0 0 0 35 8 1 30 0 0
11 26 0 7 0 11 15 0 16 31 45 0 0 40 12 19 26 15 0 47 7 20 32 12 0 0 35 8 15 30
6 25 25 42 19 0 36 0 25 45 0 27 40 0 0 0 44 47 0 39 0 0 34 0 26 0 10 0 7 0
40 33 42 24 39 0 0 0 35 2 26 20 12 0 0 0 30 0 0 38 26 22 15 32 0 0 0 36 8 0
0 24 0 0 13 0 0 20 0 27 0 0 19 0 0 0 0 1 19 9 27 0 0 0 0 12 0 36 15 15
2 11 0 11 28 0 0 34 0 41 0 29 26 44 30 0 0 0 0 43 0 37 0 21 0 10 37 10 0 35
0 0 5 32 0 0 5 0 0 44 0 27 15 47 0 1 0 0 0 22 0 0 11 38 0 9 0 13 31 37
0 0 0 38 24 3 34 0 0 0 0 0 0 0 0 19 0 0 0 43 0 43 0 12 37 0 0 0 12 0
6 39 0 12 48 0 43 0 0 0 34 44 47 39 38 9 43 22 43 0 15 0 0 0 31 4 11 16 14 45
38 24 5 44 0 9 25 18 5 0 7 4 7 0 26 27 0 0 0 15 0 4 0 0 46 24 30 3 46 45
0 22 0 34 0 0 0 9 0 0 0 0 20 0 22 0 37 0 43 0 4 0 48 48 44 8 37 0 43 26
27 0 43 20 0 10 0 0 0 31 0 0 32 34 15 0 0 11 0 0 0 48 0 2 45 45 21 9 0 39
0 0 37 12 33 15 0 0 4 0 0 0 12 0 32 0 21 38 12 0 0 48 2 0 9 0 24 0 32 25
2 0 17 0 12 27 35 6 32 0 0 35 0 26 0 0 0 0 37 31 46 44 45 9 0 8 0 23 0 0
26 0 0 4 37 17 0 0 23 43 42 8 0 0 0 12 10 9 0 4 24 8 45 0 8 0 0 0 0 40
0 47 0 5 48 1 0 23 22 43 0 1 35 10 0 0 37 0 0 11 30 37 21 24 0 0 0 0 45 16
16 26 0 0 10 0 0 13 24 44 0 30 8 0 36 36 10 13 0 16 3 0 9 0 23 0 0 0 0 23
40 0 25 0 1 0 0 0 45 15 38 0 15 7 8 15 0 31 12 14 46 43 0 32 0 0 45 0 0 0
0 31 0 0 47 0 26 0 0 0 20 0 30 0 0 15 35 37 0 45 45 26 39 25 0 40 16 23 0 0

0 46 0 14 32 0 34 45 0 45 0 21 0 2 49 0 0 0 9 12 35 9 49 0 0 6 0 49 40 0
46 0 0 0 0 46 41 8 30 0 0 0 0 21 11 0 6 45 26 0 26 27 0 0 23 0 0 37 25 0
0 0 0 0 0 0 0 37 0 0 26 1 3 33 0 11 27 0 29 0 0 28 16 24 33 12 9 42 0 28
14 0 0 0 0 0 0 5 6 25 0 27 0 33 0 39 0 0 40 43 20 47 0 18 16 29 0 0 37 20
32 0 0 0 0 0 28 0 0 7 35 0 48 16 1 0 0 39 15 30 0 0 34 38 0 21 0 29 6 5
0 46 0 0 0 0 36 37 40 49 0 7 0 0 0 46 0 0 46 36 0 38 0 29 37 44 30 0 12 0
34 41 0 0 28 36 0 0 10 19 32 0 23 2 0 11 0 21 0 27 4 0 0 0 40 46 42 0 3 0
45 8 37 5 0 37 0 0 13 0 4 0 23 43 5 2 31 8 0 16 10 0 0 36 48 13 0 9 0 0
0 30 0 6 0 40 10 13 0 30 0 8 0 0 34 0 0 14 0 0 36 31 43 20 1 45 17 33 42 0
45 0 0 25 7 49 19 0 30 0 47 31 0 40 20 28 0 20 0 13 6 0 31 0 0 28 13 25 0 19
0 0 26 0 35 0 32 4 0 47 0 48 9 17 26 0 0 0 0 30 2 16 42 0 12 0 0 25 0 30
21 0 1 27 0 7 0 0 8 31 48 0 3 3 10 0 3 10 13 31 32 6 0 20 0 21 5 0 0 38
0 0 3 0 48 0 23 23 0 0 9 3 0 0 0 20 0 8 11 0 18 32 23 40 0 10 28 27 0 0
2 21 33 33 16 0 2 43 0 40 17 3 0 0 42 0 0 16 7 39 23 49 39 0 0 10 0 0 28 0
49 11 0 0 1 0 0 5 34 20 26 10 0 42 0 16 0 5 0 0 0 11 4 0 31 14 0 48 0 0
0 0 11 39 0 46 11 2 0 28 0 0 20 0 16 0 4 0 0 46 0 0 22 14 43 0 46 26 41 26
0 6 27 0 0 0 0 31 0 0 0 3 0 0 0 4 0 47 0 20 5 18 0 0 17 6 41 27 48 24
0 45 0 0 39 0 21 8 14 20 0 10 8 16 5 0 47 0 42 0 31 0 1 0 16 0 34 35 14 22
9 26 29 40 15 46 0 0 0 0 0 13 11 7 0 0 0 42 0 24 0 0 35 0 7 0 0 48 0 31
12 0 0 43 30 36 27 16 0 13 30 31 0 39 0 46 20 0 24 0 45 29 0 46 49 17 4 0 13 42
35 26 0 20 0 0 4 10 36 6 2 32 18 23 0 0 5 31 0 45 0 0 0 24 0 0 0 16 0 0
9 27 28 47 0 38 0 0 31 0 16 6 32 49 11 0 18 0 0 29 0 0 32 20 0 10 0 10 0 0
49 0 16 0 34 0 0 0 43 31 42 0 23 39 4 22 0 1 35 0 0 32 0 43 35 0 0 0 22 0
0 0 24 18 38 29 0 36 20 0 0 20 40 0 0 14 0 0 0 46 24 20 43 0 0 0 0 19 0 11
0 23 33 16 0 37 40 48 1 0 12 0 0 0 31 43 17 16 7 49 0 0 35 0 0 0 34 9 28 0
6 0 12 29 21 44 46 13 45 28 0 21 10 10 14 0 6 0 0 17 0 10 0 0 0 0 19 44 0 0
0 0 9 0 0 30 42 0 17 13 0 5 28 0 0 46 41 34 0 4 0 0 0 0 34 19 0 28 0 27
49 37 42 0 29 0 0 9 33 25 25 0 27 0 48 26 27 35 48 0 16 10 0 19 9 44 28 0 0 26
40 25 0 37 6 12 3 0 42 0 0 0 0 28 0 41 48 14 0 13 0 0 22 0 28 0 0 0 0 5
0 0 28 20 5 0 0 0 0 19 30 38 0 0 0 26 24 22 31 42 0 0 0 11 0 0 27 26 5 0

