30

0 33 30 0 0 10 21 0 14 48 0 0 24 18 18 7 28 19 0 10 0 22 0 12 4 40 0 24 0 19
33 0 14 42 7 10 0 0 0 36 0 12 0 36 0 0 20 47 0 0 2 0 29 9 49 6 0 11 14 21
30 14 0 14 43 17 0 0 27 18 0 0 13 47 49 31 0 46 32 40 13 46 19 8 17 0 1 47 37 0
0 42 14 0 7 10 12 0 0 0 0 14 0 10 37 0 17 0 39 43 0 0 0 24 3 0 5 24 0 0
0 7 43 7 0 16 24 12 0 12 30 0 24 0 25 40 13 0 25 0 47 0 0 0 48 7 37 46 0 12
10 10 17 10 16 0 0 11 12 10 14 18 0 0 0 38 24 0 0 0 37 0 14 0 0 28 20 24 0 34
21 0 0 12 24 0 0 0 13 7 13 30 3 45 31 0 0 17 9 13 10 0 0 20 40 19 33 0 10 40
0 0 0 0 12 11 0 0 0 0 10 8 0 49 0 9 17 0 42 29 36 0 0 0 34 0 0 37 20 23
14 0 27 0 0 12 13 0 0 33 0 37 21 34 0 0 0 0 0 3 33 43 45 38 29 11 0 21 20 40
48 36 18 0 12 10 7 0 33 0 0 0 4 17 29 0 0 31 9 0 0 0 11 0 24 11 0 34 5 26
0 0 0 0 30 14 13 10 0 0 0 45 0 0 0 27 46 0 13 0 38 26 13 0 0 0 11 28 22 46
0 12 0 14 0 18 30 8 37 0 45 0 0 0 0 34 41 42 0 0 0 10 18 47 0 0 48 32 4 49
24 0 13 0 24 0 3 0 21 4 0 0 0 19 0 2 21 0 32 37 0 47 0 14 5 0 0 0 5 26
18 36 47 10 0 0 45 49 34 17 0 0 19 0 23 0 46 0 17 0 0 0 0 34 0 28 47 22 0 36
18 0 49 37 25 0 31 0 0 29 0 0 0 23 0 11 16 3 13 21 32 16 10 46 0 35 5 9 22 0
7 0 31 0 40 38 0 9 0 0 27 34 2 0 11 0 0 0 28 0 12 0 0 0 45 0 25 0 0 2
28 20 0 17 13 24 0 17 0 0 46 41 21 46 16 0 0 18 35 5 33 0 0 0 27 33 29 0 16 40
19 47 46 0 0 0 17 0 0 31 0 42 0 0 3 0 18 0 0 46 5 0 5 0 44 0 0 32 0 12
0 0 32 39 25 0 9 42 0 9 13 0 32 17 13 28 35 0 0 0 11 0 36 12 37 34 0 0 0 7
10 0 40 43 0 0 13 29 3 0 0 0 37 0 21 0 5 46 0 0 39 0 0 8 0 4 26 0 0 0
0 2 13 0 47 37 10 36 33 0 38 0 0 0 32 12 33 5 11 39 0 42 8 0 26 1 0 36 42 49
22 0 46 0 0 0 0 0 43 0 26 10 47 0 16 0 0 0 0 0 42 0 0 13 0 0 5 1 0 39
0 29 19 0 0 14 0 0 45 11 13 18 0 0 10 0 0 5 36 0 8 0 0 6 2 6 35 21 0 0
12 9 8 24 0 0 20 0 38 0 0 47 14 34 46 0 0 0 12 8 0 13 6 0 49 27 0 46 0 0
4 49 17 3 48 0 40 34 29 24 0 0 5 0 0 45 27 44 37 0 26 0 2 49 0 40 37 4 0 0
40 6 0 0 7 28 19 0 11 11 0 0 0 28 35 0 33 0 34 4 1 0 6 27 40 0 25 0 0 20
0 0 1 5 37 20 33 0 0 0 11 48 0 47 5 25 29 0 0 26 0 5 35 0 37 25 0 47 25 43
24 11 47 24 46 24 0 37 21 34 28 32 0 22 9 0 0 32 0 0 36 1 21 46 4 0 47 0 0 4
0 14 37 0 0 0 10 20 20 5 22 4 5 0 22 0 16 0 0 0 42 0 0 0 0 0 25 0 0 24
19 21 0 0 12 34 40 23 40 26 46 49 26 36 0 2 40 12 7 0 49 39 0 0 0 20 43 4 24 0

0 0 0 0 41 0 14 0 0 0 42 3 0 0 0 33 0 0 27 41 0 0 12 0 23 0 24 41 30 27
0 0 0 35 0 2 0 0 0 46 28 12 46 0 35 0 47 25 0 48 13 0 36 20 38 10 0 49 40 0
0 0 0 48 0 7 44 19 25 0 0 0 39 0 18 16 0 15 6 36 0 16 4 0 37 27 0 24 0 21
0 35 48 0 0 39 6 2 45 46 39 0 14 0 27 34 0 31 0 46 0 17 8 0 0 17 0 0 25 0
41 0 0 0 0 0 0 42 44 0 43 30 7 0 0 3 0 0 0 0 1 0 0 23 34 0 32 0 38 28
0 2 7 39 0 0 0 38 0 25 0 44 28 0 42 12 31 0 0 48 13 0 6 44 0 0 30 0 2 28
14 0 44 6 0 0 0 0 49 3 0 1 5 0 0 17 45 0 2 0 0 33 0 0 0 15 4 0 0 0
0 0 19 2 42 38 0 0 30 2 41 30 41 42 33 0 11 3 49 0 38 0 0 22 30 36 10 0 0 0
0 0 25 45 44 0 49 30 0 37 0 9 0 43 0 19 26 28 0 0 21 0 0 0 0 0 0 0 0 7
0 46 0 46 0 25 3 2 37 0 0 0 22 0 48 0 26 0 0 44 0 15 43 2 0 0 0 40 15 0
42 28 0 39 43 0 0 41 0 0 0 43 5 0 37 46 22 17 0 0 40 0 0 0 17 29 0 45 0 0
3 12 0 0 30 44 1 30 9 0 43 0 17 12 9 0 0 10 32 0 0 16 0 13 2 0 39 42 31 11
0 46 39 14 7 28 5 41 0 22 5 17 0 0 0 43 0 23 30 37 10 0 0 0 0 0 0 0 0 10
0 0 0 0 0 0 0 42 43 0 0 12 0 0 34 21 18 0 44 4 0 47 0 0 0 14 0 0 0 0
0 35 18 27 0 42 0 33 0 48 37 9 0 34 0 0 0 22 8 35 45 3 0 30 36 23 0 20 2 32
33 0 16 34 3 12 17 0 19 0 46 0 43 21 0 0 12 0 0 0 36 0 18 23 46 49 10 0 0 0
0 47 0 0 0 31 45 11 26 26 22 0 0 18 0 12 0 2 0 21 1 0 42 0 19 0 0 0 47 0
0 25 15 31 0 0 0 3 28 0 17 10 23 0 22 0 2 0 0 18 9 24 29 15 32 0 30 40 0 16
27 0 6 0 0 0 2 49 0 0 0 32 30 44 8 0 0 0 0 25 0 13 4 10 13 0 0 0 31 10
41 48 36 46 0 48 0 0 0 44 0 0 37 4 35 0 21 18 25 0 9 6 3 28 0 46 49 0 32 0
0 13 0 0 1 13 0 38 21 0 40 0 10 0 45 36 1 9 0 9 0 45 0 0 13 0 48 19 0 27
0 0 16 17 0 0 33 0 0 15 0 16 0 47 3 0 0 24 13 6 45 0 0 2 0 0 16 0 38 0
12 36 4 8 0 6 0 0 0 43 0 0 0 0 0 18 42 29 4 3 0 0 0 21 11 0 10 0 19 0
0 20 0 0 23 44 0 22 0 2 0 13 0 0 30 23 0 15 10 28 0 2 21 0 0 0 0 0 1 0
23 38 37 0 34 0 0 30 0 0 17 2 0 0 36 46 19 32 13 0 13 0 11 0 0 29 20 0 14 0
0 10 27 17 0 0 15 36 0 0 29 0 0 14 23 49 0 0 0 46 0 0 0 0 29 0 5 4 0 0
24 0 0 0 32 30 4 10 0 0 0 39 0 0 0 10 0 30 0 49 48 16 10 0 20 5 0 0 5 0
41 49 24 0 0 0 0 0 0 40 45 42 0 0 20 0 0 40 0 0 19 0 0 0 0 4 0 0 0 0
30 40 0 25 38 2 0 0 0 15 0 31 0 0 2 0 47 0 31 32 0 38 19 1 14 0 5 0 0 0
27 0 21 0 28 28 0 0 7 0 0 11 10 0 32 0 0 16 10 0 27 0 0 0 0 0 0 0 0 0

