30

0 0 12 14 0 0 7 30 47 0 33 17 16 0 0 0 8 0 0 0 16 2 40 0 7 0 24 38 7 0
0 0 0 24 0 32 34 11 33 28 47 0 0 7 28 26 34 3 0 45 49 46 0 0 2 0 0 23 0 22
12 0 0 0 0 33 0 0 0 0 0 0 0 0 11 46 6 41 1 23 0 0 19 17 49 0 35 0 27 8
14 24 0 0 22 0 21 28 0 0 8 15 0 0 18 22 0 2 0 0 31 0 0 21 0 0 22 48 0 0
0 0 0 22 0 0 0 47 0 0 0 35 0 6 1 40 1 34 43 17 37 30 18 47 24 0 47 0 45 0
0 32 33 0 0 0 36 0 17 7 1 0 0 24 5 0 32 37 32 47 0 0 42 14 18 0 0 0 0 3
7 34 0 21 0 36 0 47 41 47 0 0 48 0 39 30 17 0 0 0 4 0 42 0 0 0 22 20 0 0
30 11 0 28 47 0 47 0 22 0 0 29 0 44 8 31 30 3 28 2 33 0 14 24 23 0 9 0 26 0
47 33 0 0 0 17 41 22 0 0 38 40 6 14 0 0 27 28 0 34 0 0 27 3 38 35 29 16 0 0
0 28 0 0 0 7 47 0 0 0 35 0 10 37 0 7 9 26 38 0 4 40 47 40 17 21 0 0 9 0
33 47 0 8 0 1 0 0 38 35 0 0 0 29 2 0 23 38 7 1 39 20 0 47 39 27 0 0 29 4
17 0 0 15 35 0 0 29 40 0 0 0 6 16 2 0 0 0 29 0 3 0 25 0 39 0 0 24 47 3
16 0 0 0 0 0 48 0 6 10 0 6 0 7 0 39 1 0 0 36 8 25 0 0 10 30 0 0 28 0
0 7 0 0 6 24 0 44 14 37 29 16 7 0 12 0 3 0 13 31 0 0 0 0 0 13 0 23 0 20
0 28 11 18 1 5 39 8 0 0 2 2 0 12 0 39 33 41 0 36 0 0 0 0 36 27 47 22 9 0
0 26 46 22 40 0 30 31 0 7 0 0 39 0 39 0 12 1 47 1 5 14 21 0 0 47 19 0 0 0
8 34 6 0 1 32 17 30 27 9 23 0 1 3 33 12 0 2 0 0 15 26 25 0 0 37 0 0 0 1
0 3 41 2 34 37 0 3 28 26 38 0 0 0 41 1 2 0 0 36 47 0 31 0 0 13 47 15 33 0
0 0 1 0 43 32 0 28 0 38 7 29 0 13 0 47 0 0 0 30 32 16 0 0 14 9 0 49 26 1
0 45 23 0 17 47 0 2 34 0 1 0 36 31 36 1 0 36 30 0 15 36 12 0 46 3 0 45 48 0
16 49 0 31 37 0 4 33 0 4 39 3 8 0 0 5 15 47 32 15 0 36 0 9 0 0 0 26 11 27
2 46 0 0 30 0 0 0 0 40 20 0 25 0 0 14 26 0 16 36 36 0 0 13 0 9 29 20 12 0
40 0 19 0 18 42 42 14 27 47 0 25 0 0 0 21 25 31 0 12 0 0 0 11 0 0 0 0 0 0
0 0 17 21 47 14 0 24 3 40 47 0 0 0 0 0 0 0 0 0 9 13 11 0 40 49 0 0 0 0
7 2 49 0 24 18 0 23 38 17 39 39 10 0 36 0 0 0 14 46 0 0 0 40 0 15 0 0 43 47
0 0 0 0 0 0 0 0 35 21 27 0 30 13 27 47 37 13 9 3 0 9 0 49 15 0 36 29 43 19
24 0 35 22 47 0 22 9 29 0 0 0 0 0 47 19 0 47 0 0 0 29 0 0 0 36 0 0 23 0
38 23 0 48 0 0 20 0 16 0 0 24 0 23 22 0 0 15 49 45 26 20 0 0 0 29 0 0 11 0
7 0 27 0 45 0 0 26 0 9 29 47 28 0 9 0 0 33 26 48 11 12 0 0 43 43 23 11 0 0
0 22 8 0 0 3 0 0 0 0 4 3 0 20 0 0 1 0 1 0 27 0 0 0 47 19 0 0 0 0

0 11 0 45 0 31 7 7 21 0 41 0 0 0 37 32 27 0 0 35 43 1 0 0 0 43 0 41 0 0
11 0 8 0 0 0 5 28 0 0 22 29 12 24 0 41 16 0 0 0 0 0 0 45 24 24 0 0 19 0
0 8 0 0 0 0 36 0 49 0 21 3 0 0 17 1 0 41 16 0 48 45 7 15 0 44 18 35 0 29
45 0 0 0 33 30 0 0 5 45 8 0 28 22 0 6 38 1 12 0 39 15 17 18 0 0 4 0 6 0
0 0 0 33 0 49 1 10 43 13 33 34 8 27 0 0 44 0 32 29 0 45 47 0 0 2 0 24 21 44
31 0 0 30 49 0 14 37 41 46 0 9 0 26 4 15 32 42 20 6 2 0 0 0 0 37 0 23 16 22
7 5 36 0 1 14 0 0 29 39 0 4 9 33 0 8 0 32 0 0 40 5 13 14 5 0 0 0 14 0
7 28 0 0 10 37 0 0 9 35 0 18 45 45 0 47 0 5 35 0 0 0 8 25 41 0 0 0 0 0
21 0 49 5 43 41 29 9 0 37 5 1 0 5 0 0 0 5 2 34 0 5 0 0 0 0 0 13 0 44
0 0 0 45 13 46 39 35 37 0 8 0 41 45 9 8 1 0 0 0 49 20 0 0 9 45 0 3 4 0
41 22 21 8 33 0 0 0 5 8 0 0 2 46 0 13 8 3 9 4 37 0 16 0 41 0 15 43 44 34
0 29 3 0 34 9 4 18 1 0 0 0 0 0 0 48 0 0 0 0 46 0 0 32 0 38 0 0 23 0
0 12 0 28 8 0 9 45 0 41 2 0 0 22 0 33 37 35 46 0 40 2 35 0 0 26 21 31 40 0
0 24 0 22 27 26 33 45 5 45 46 0 22 0 0 0 0 0 3 0 14 18 15 25 0 18 21 0 35 48
37 0 17 0 0 4 0 0 0 9 0 0 0 0 0 0 0 0 4 6 6 0 0 11 6 0 12 25 0 1
32 41 1 6 0 15 8 47 0 8 13 48 33 0 0 0 20 47 41 23 0 19 0 0 22 0 7 22 8 7
27 16 0 38 44 32 0 0 0 1 8 0 37 0 0 20 0 40 20 0 37 0 36 0 0 0 0 0 0 0
0 0 41 1 0 42 32 5 5 0 3 0 35 0 0 47 40 0 32 39 29 0 16 46 39 0 0 10 0 0
0 0 16 12 32 20 0 35 2 0 9 0 46 3 4 41 20 32 0 0 42 0 7 0 23 0 0 0 0 48
35 0 0 0 29 6 0 0 34 0 4 0 0 0 6 23 0 39 0 0 0 30 0 43 42 0 20 0 0 10
43 0 48 39 0 2 40 0 0 49 37 46 40 14 6 0 37 29 42 0 0 0 17 0 28 4 34 24 0 24
1 0 45 15 45 0 5 0 5 20 0 0 2 18 0 19 0 0 0 30 0 0 26 10 0 33 0 0 0 18
0 0 7 17 47 0 13 8 0 0 16 0 35 15 0 0 36 16 7 0 17 26 0 1 35 0 0 0 30 0
0 45 15 18 0 0 14 25 0 0 0 32 0 25 11 0 0 46 0 43 0 10 1 0 14 13 7 22 8 0
0 24 0 0 0 0 5 41 0 9 41 0 0 0 6 22 0 39 23 42 28 0 35 14 0 33 2 21 0 46
43 24 44 0 2 37 0 0 0 45 0 38 26 18 0 0 0 0 0 0 4 33 0 13 33 0 48 14 0 0
0 0 18 4 0 0 0 0 0 0 15 0 21 21 12 7 0 0 0 20 34 0 0 7 2 48 0 41 20 40
41 0 35 0 24 23 0 0 13 3 43 0 31 0 25 22 0 10 0 0 24 0 0 22 21 14 41 0 0 0
0 19 0 6 21 16 14 0 0 4 44 23 40 35 0 8 0 0 0 0 0 0 30 8 0 0 20 0 0 13
0 0 29 0 44 22 0 0 44 0 34 0 0 48 1 7 0 0 48 10 24 18 0 0 46 0 40 0 13 0

