30

0 43 30 45 6 27 42 0 18 48 24 0 27 37 0 42 1 0 0 33 0 20 18 0 0 37 17 37 0 24
43 0 23 0 0 28 48 0 48 0 0 0 0 36 6 29 0 0 2 11 18 0 0 20 0 0 0 47 33 46
30 23 0 0 46 0 0 36 0 0 0 29 0 33 33 41 0 30 0 0 39 14 0 0 48 20 0 10 0 26
45 0 0 0 0 0 0 16 0 0 3 0 49 46 13 13 0 0 0 0 23 0 0 0 16 2 24 31 31 0
6 0 46 0 0 2 0 0 0 0 28 9 0 0 35 8 7 47 7 0 36 19 0 34 0 0 0 5 28 0
27 28 0 0 2 0 0 17 17 0 25 29 0 38 27 43 35 0 0 44 11 42 0 18 49 0 0 2 0 2
42 48 0 0 0 0 0 0 0 0 27 0 30 8 41 36 25 0 0 0 6 29 27 3 0 0 30 3 32 44
0 0 36 16 0 17 0 0 13 0 0 48 11 17 37 0 10 30 23 21 3 0 34 28 38 0 3 0 46 10
18 48 0 0 0 17 0 13 0 0 0 0 3 19 0 0 0 0 0 0 0 40 0 49 0 0 0 6 2 4
48 0 0 0 0 0 0 0 0 0 0 19 22 10 0 2 0 0 27 0 14 0 30 29 0 31 18 9 0 0
24 0 0 3 28 25 27 0 0 0 0 14 12 5 10 32 0 16 16 1 49 0 23 5 31 0 0 0 29 5
0 0 29 0 9 29 0 48 0 19 14 0 16 31 15 15 18 47 0 39 10 5 0 0 0 0 0 43 32 0
27 0 0 49 0 0 30 11 3 22 12 16 0 0 8 21 14 0 0 0 8 40 12 0 39 38 0 0 0 0
37 36 33 46 0 38 8 17 19 10 5 31 0 0 14 0 48 41 0 18 0 7 8 0 29 0 12 5 48 0
0 6 33 13 35 27 41 37 0 0 10 15 8 14 0 8 25 32 0 48 0 49 0 0 0 18 45 0 0 38
42 29 41 13 8 43 36 0 0 2 32 15 21 0 8 0 0 0 0 2 17 22 0 1 0 0 12 44 0 15
1 0 0 0 7 35 25 10 0 0 0 18 14 48 25 0 0 8 33 45 46 27 0 48 22 0 14 44 36 2
0 0 30 0 47 0 0 30 0 0 16 47 0 41 32 0 8 0 26 30 0 0 0 27 0 0 18 0 47 36
0 2 0 0 7 0 0 23 0 27 16 0 0 0 0 0 33 26 0 12 0 0 0 44 25 0 0 14 25 13
33 11 0 0 0 44 0 21 0 0 1 39 0 18 48 2 45 30 12 0 0 35 0 0 45 0 7 0 34 24
0 18 39 23 36 11 6 3 0 14 49 10 8 0 0 17 46 0 0 0 0 0 0 48 49 0 22 27 31 0
20 0 14 0 19 42 29 0 40 0 0 5 40 7 49 22 27 0 0 35 0 0 40 36 0 26 29 39 36 0
18 0 0 0 0 0 27 34 0 30 23 0 12 8 0 0 0 0 0 0 0 40 0 0 20 0 0 1 39 0
0 20 0 0 34 18 3 28 49 29 5 0 0 0 0 1 48 27 44 0 48 36 0 0 0 0 37 17 0 0
0 0 48 16 0 49 0 38 0 0 31 0 39 29 0 0 22 0 25 45 49 0 20 0 0 0 7 10 0 0
37 0 20 2 0 0 0 0 0 31 0 0 38 0 18 0 0 0 0 0 0 26 0 0 0 0 0 0 0 47
17 0 0 24 0 0 30 3 0 18 0 0 0 12 45 12 14 18 0 7 22 29 0 37 7 0 0 0 47 34
37 47 10 31 5 2 3 0 6 9 0 43 0 5 0 44 44 0 14 0 27 39 1 17 10 0 0 0 0 0
0 33 0 31 28 0 32 46 2 0 29 32 0 48 0 0 36 47 25 34 31 36 39 0 0 0 47 0 0 38
24 46 26 0 0 2 44 10 4 0 5 0 0 0 38 15 2 36 13 24 0 0 0 0 0 47 34 0 38 0

0 27 0 0 8 0 24 32 35 0 47 0 20 8 0 0 0 1 0 0 19 2 15 0 23 33 0 8 18 37
27 0 0 45 1 0 47 23 27 0 32 10 42 23 0 11 0 48 41 40 34 0 28 12 0 0 7 0 10 42
0 0 0 16 47 0 12 10 22 0 0 28 0 0 0 0 0 0 33 0 9 0 0 26 47 40 0 4 42 1
0 45 16 0 39 34 48 0 7 5 11 15 0 37 37 0 8 20 18 40 7 0 19 0 44 35 48 0 0 6
8 1 47 39 0 0 0 0 25 9 0 40 4 35 0 0 18 0 27 0 0 27 0 42 0 0 0 0 32 44
0 0 0 34 0 0 0 0 13 0 18 0 31 49 0 0 13 26 32 0 0 48 30 0 10 16 23 0 45 18
24 47 12 48 0 0 0 23 1 21 36 0 0 0 38 0 0 0 0 40 0 46 16 0 21 44 0 0 29 36
32 23 10 0 0 0 23 0 17 33 49 0 32 3 21 0 11 18 39 0 0 0 0 0 0 8 10 41 36 17
35 27 22 7 25 13 1 17 0 0 25 0 0 49 39 3 17 30 33 21 6 36 34 0 0 0 34 0 30 13
0 0 0 5 9 0 21 33 0 0 14 1 11 0 29 0 0 13 5 22 35 7 38 1 3 28 16 0 47 0
47 32 0 11 0 18 36 49 25 14 0 29 0 0 48 0 31 34 0 34 0 0 0 9 18 29 33 29 0 0
0 10 28 15 40 0 0 0 0 1 29 0 23 14 37 21 17 0 7 13 0 39 18 34 12 44 24 1 0 19
20 42 0 0 4 31 0 32 0 11 0 23 0 27 47 0 44 16 30 0 15 0 22 3 0 43 0 0 18 5
8 23 0 37 35 49 0 3 49 0 0 14 27 0 0 38 0 0 0 26 44 0 46 23 42 48 21 0 5 4
0 0 0 37 0 0 38 21 39 29 48 37 47 0 0 6 0 34 0 0 41 0 12 0 0 48 0 34 0 0
0 11 0 0 0 0 0 0 3 0 0 21 0 38 6 0 32 0 0 0 31 48 20 22 31 0 0 0 43 38
0 0 0 8 18 13 0 11 17 0 31 17 44 0 0 32 0 0 9 42 24 0 11 47 44 17 0 22 12 0
1 48 0 20 0 26 0 18 30 13 34 0 16 0 34 0 0 0 42 27 45 28 6 11 41 28 39 1 0 45
0 41 33 18 27 32 0 39 33 5 0 7 30 0 0 0 9 42 0 14 7 32 0 33 32 0 0 34 25 46
0 40 0 40 0 0 40 0 21 22 34 13 0 26 0 0 42 27 14 0 19 25 0 43 0 23 11 7 0 18
19 34 9 7 0 0 0 0 6 35 0 0 15 44 41 31 24 45 7 19 0 8 0 18 0 11 6 18 15 0
2 0 0 0 27 48 46 0 36 7 0 39 0 0 0 48 0 28 32 25 8 0 38 11 0 0 44 18 45 18
15 28 0 19 0 30 16 0 34 38 0 18 22 46 12 20 11 6 0 0 0 38 0 0 38 0 49 11 9 20
0 12 26 0 42 0 0 0 0 1 9 34 3 23 0 22 47 11 33 43 18 11 0 0 1 0 0 25 0 18
23 0 47 44 0 10 21 0 0 3 18 12 0 42 0 31 44 41 32 0 0 0 38 1 0 0 0 1 17 0
33 0 40 35 0 16 44 8 0 28 29 44 43 48 48 0 17 28 0 23 11 0 0 0 0 0 43 0 0 5
0 7 0 48 0 23 0 10 34 16 33 24 0 21 0 0 0 39 0 11 6 44 49 0 0 43 0 26 0 0
8 0 4 0 0 0 0 41 0 0 29 1 0 0 34 0 22 1 34 7 18 18 11 25 1 0 26 0 0 0
18 10 42 0 32 45 29 36 30 47 0 0 18 5 0 43 12 0 25 0 15 45 9 0 17 0 0 0 0 0
37 42 1 6 44 18 36 17 13 0 0 19 5 4 0 38 0 45 46 18 0 18 20 18 0 5 0 0 0 0

