30

0 0 0 0 30 0 0 0 0 0 0 0 0 2 0 0 5 44 13 29 26 22 0 42 27 0 0 0 0 25
0 0 20 0 0 0 0 40 22 37 0 0 30 0 5 31 0 0 30 20 8 13 0 0 33 2 35 29 1 33
0 20 0 2 12 0 0 0 0 12 42 26 2 22 4 0 42 39 0 35 0 36 0 6 28 0 22 35 28 11
0 0 2 0 0 0 0 29 0 23 2 39 3 37 12 0 47 0 11 0 8 0 14 17 0 0 34 47 0 0
30 0 12 0 0 13 10 0 19 0 25 19 5 0 0 14 0 0 13 47 0 25 0 25 38 13 17 0 2 16
0 0 0 0 13 0 0 0 0 32 42 0 0 15 31 0 1 9 0 9 33 0 0 28 46 0 36 0 0 44
0 0 0 0 10 0 0 19 41 0 43 0 0 20 0 0 0 0 0 31 0 17 0 4 29 14 34 13 1 26
0 40 0 29 0 0 19 0 7 0 40 4 49 3 6 0 5 0 0 0 37 24 30 0 48 0 47 0 0 43
0 22 0 0 19 0 41 7 0 0 31 11 0 0 0 34 0 0 21 37 0 15 48 0 25 0 10 0 0 0
0 37 12 23 0 32 0 0 0 0 11 27 26 29 0 0 49 45 0 0 23 47 0 36 0 0 16 0 0 0
0 0 42 2 25 42 43 40 31 11 0 7 38 0 0 0 39 49 27 15 0 15 0 0 6 0 38 33 0 0
0 0 26 39 19 0 0 4 11 27 7 0 12 35 47 0 35 6 16 35 0 0 0 8 48 0 41 20 47 0
0 30 2 3 5 0 0 49 0 26 38 12 0 0 0 0 2 29 2 7 0 0 35 0 5 0 13 0 35 27
2 0 22 37 0 15 20 3 0 29 0 35 0 0 0 40 38 0 0 4 11 0 0 3 49 0 4 0 0 35
0 5 4 12 0 31 0 6 0 0 0 47 0 0 0 9 18 0 10 33 0 38 26 20 0 0 0 47 0 10
0 31 0 0 14 0 0 0 34 0 0 0 0 40 9 0 0 0 0 42 12 0 25 0 48 27 31 23 32 0
5 0 42 47 0 1 0 5 0 49 39 35 2 38 18 0 0 44 0 0 9 28 39 8 6 0 0 0 0 35
44 0 39 0 0 9 0 0 0 45 49 6 29 0 0 0 44 0 0 38 0 0 0 5 17 42 2 0 49 0
13 30 0 11 13 0 0 0 21 0 27 16 2 0 10 0 0 0 0 0 0 0 11 1 0 0 9 16 28 0
29 20 35 0 47 9 31 0 37 0 15 35 7 4 33 42 0 38 0 0 46 9 45 0 0 0 0 0 2 41
26 8 0 8 0 33 0 37 0 23 0 0 0 11 0 12 9 0 0 46 0 25 9 22 0 9 0 47 0 3
22 13 36 0 25 0 17 24 15 47 15 0 0 0 38 0 28 0 0 9 25 0 0 1 0 7 1 0 37 0
0 0 0 14 0 0 0 30 48 0 0 0 35 0 26 25 39 0 11 45 9 0 0 3 45 0 0 0 28 43
42 0 6 17 25 28 4 0 0 36 0 8 0 3 20 0 8 5 1 0 22 1 3 0 19 23 0 0 0 5
27 33 28 0 38 46 29 48 25 0 6 48 5 49 0 48 6 17 0 0 0 0 45 19 0 26 0 0 1 19
0 2 0 0 13 0 14 0 0 0 0 0 0 0 0 27 0 42 0 0 9 7 0 23 26 0 16 47 0 0
0 35 22 34 17 36 34 47 10 16 38 41 13 4 0 31 0 2 9 0 0 1 0 0 0 16 0 9 0 21
0 29 35 47 0 0 13 0 0 0 33 20 0 0 47 23 0 0 16 0 47 0 0 0 0 47 9 0 43 0
0 1 28 0 2 0 1 0 0 0 0 47 35 0 0 32 0 49 28 2 0 37 28 0 1 0 0 43 0 20
25 33 11 0 16 44 26 43 0 0 0 0 27 35 10 0 35 0 0 41 3 0 43 5 19 0 21 0 20 0

0 0 14 5 0 7 0 0 0 16 14 0 28 0 0 0 34 0 16 11 46 37 25 0 47 0 28 0 0 16
0 0 0 45 25 46 0 0 0 14 0 13 35 0 27 23 0 39 31 22 0 24 0 7 1 0 0 0 21 16
14 0 0 0 0 0 1 28 38 0 0 31 0 44 12 0 15 8 0 32 4 0 41 37 34 10 0 29 0 8
5 45 0 0 0 0 43 21 0 37 0 21 8 30 0 16 0 0 32 20 0 0 31 6 44 21 0 0 13 42
0 25 0 0 0 8 0 27 0 34 40 43 34 9 38 0 34 40 33 0 0 0 19 1 0 0 20 42 19 12
7 46 0 0 8 0 0 0 27 22 0 0 23 0 0 0 0 13 13 0 35 6 18 36 14 27 35 34 36 16
0 0 1 43 0 0 0 20 18 0 0 12 7 0 0 43 0 0 0 20 7 48 46 0 24 0 9 0 0 0
0 0 28 21 27 0 20 0 0 0 0 35 0 38 0 0 0 0 21 0 0 48 0 0 44 38 0 0 47 24
0 0 38 0 0 27 18 0 0 26 9 29 49 0 0 0 0 39 45 0 36 21 17 17 38 0 0 13 0 26
16 14 0 37 34 22 0 0 26 0 32 0 10 0 0 19 0 11 0 16 49 16 46 0 0 19 0 36 16 0
14 0 0 0 40 0 0 0 9 32 0 0 49 19 17 0 0 0 0 17 0 32 39 13 0 41 38 0 0 0
0 13 31 21 43 0 12 35 29 0 0 0 0 38 0 6 28 7 3 0 0 6 49 39 0 0 15 0 25 3
28 35 0 8 34 23 7 0 49 10 49 0 0 2 29 19 41 22 47 17 0 0 33 0 0 0 25 0 0 0
0 0 44 30 9 0 0 38 0 0 19 38 2 0 20 23 0 9 0 40 14 20 0 20 0 0 0 0 46 22
0 27 12 0 38 0 0 0 0 0 17 0 29 20 0 44 39 0 0 0 42 5 0 24 39 0 30 13 38 0
0 23 0 16 0 0 43 0 0 19 0 6 19 23 44 0 0 12 14 14 0 20 37 0 0 0 3 42 28 2
34 0 15 0 34 0 0 0 0 0 0 28 41 0 39 0 0 0 0 20 0 44 0 47 26 0 0 8 13 0
0 39 8 0 40 13 0 0 39 11 0 7 22 9 0 12 0 0 0 45 0 37 42 6 37 15 10 14 0 30
16 31 0 32 33 13 0 21 45 0 0 3 47 0 0 14 0 0 0 23 0 30 35 28 0 0 0 17 0 0
11 22 32 20 0 0 20 0 0 16 17 0 17 40 0 14 20 45 23 0 49 5 0 2 0 30 14 31 0 46
46 0 4 0 0 35 7 0 36 49 0 0 0 14 42 0 0 0 0 49 0 28 0 10 34 7 43 0 0 0
37 24 0 0 0 6 48 48 21 16 32 6 0 20 5 20 44 37 30 5 28 0 0 0 0 28 0 16 0 0
25 0 41 31 19 18 46 0 17 46 39 49 33 0 0 37 0 42 35 0 0 0 0 26 28 0 0 33 44 16
0 7 37 6 1 36 0 0 17 0 13 39 0 20 24 0 47 6 28 2 10 0 26 0 0 0 15 0 40 49
47 1 34 44 0 14 24 44 38 0 0 0 0 0 39 0 26 37 0 0 34 0 28 0 0 0 3 15 22 28
0 0 10 21 0 27 0 38 0 19 41 0 0 0 0 0 0 15 0 30 7 28 0 0 0 0 38 46 12 0
28 0 0 0 20 35 9 0 0 0 38 15 25 0 30 3 0 10 0 14 43 0 0 15 3 38 0 16 32 0
0 0 29 0 42 34 0 0 13 36 0 0 0 0 13 42 8 14 17 31 0 16 33 0 15 46 16 0 37 27
0 21 0 13 19 36 0 47 0 16 0 25 0 46 38 28 13 0 0 0 0 0 44 40 22 12 32 37 0 33
16 16 8 42 12 16 0 24 26 0 0 3 0 22 0 2 0 30 0 46 0 0 16 49 28 0 0 27 33 0

