10

0 0 0 0 0 12 11 27 0 5
0 0 9 0 7 35 0 42 0 0
0 9 0 24 0 0 0 0 0 2
0 0 24 0 0 0 0 0 35 0
0 7 0 0 0 0 0 15 33 35
12 35 0 0 0 0 0 1 30 8
11 0 0 0 0 0 0 0 0 0
27 42 0 0 15 1 0 0 2 41
0 0 0 35 33 30 0 2 0 18
5 0 2 0 35 8 0 41 18 0

0 12 0 35 0 16 0 0 34 12
12 0 0 37 0 33 26 34 38 8
0 0 0 45 44 25 41 16 45 0
35 37 45 0 45 0 22 21 12 0
0 0 44 45 0 35 0 0 3 9
16 33 25 0 35 0 0 41 0 41
0 26 41 22 0 0 0 0 36 0
0 34 16 21 0 41 0 0 0 37
34 38 45 12 3 0 36 0 0 0
12 8 0 0 9 41 0 37 0 0

